Dwight Howard
ORL
82
18.3
6.2
10.2
510
834
.612
510
827
.617
1.80
.612
Kendrick Perkins
BOS
78
10.1
4.0
6.7
314
522
.602
314
519
.605
1.52
.602
Nene Hilario
DEN
82
13.8
5.1
8.7
421
717
.587
421
715
.589
1.58
.587
Marc Gasol
MEM
69
14.6
5.5
9.4
378
651
.581
378
650
.582
1.55
.581
Andrew Bynum
LAL
65
15.0
6.0
10.6
392
688
.570
392
687
.571
1.42
.570
Carlos Boozer
UTAH
78
19.5
7.9
14.1
617
1098
.562
617
1098
.562
1.38
.562
Amar'e Stoudemire
PHX
82
23.1
8.6
15.4
704
1264
.557
703
1258
.559
1.50
.557
Al Horford
ATL
81
14.2
5.8
10.5
467
847
.551
466
846
.551
1.36
.552
David Lee
NY
81
20.2
8.5
15.5
686
1258
.545
686
1250
.549
1.30
.545
Paul Millsap
UTAH
82
11.6
4.7
8.7
385
716
.538
384
707
.543
1.33
.538
Carl Landry
HOU/SAC
80
16.8
6.2
11.6
499
931
.536
498
928
.537
1.44
.537
Pau Gasol
LAL
65
18.3
7.0
13.0
452
844
.536
452
839
.539
1.41
.536
Emeka Okafor
NO
82
10.4
4.2
8.0
348
656
.530
348
656
.530
1.30
.530
Jermaine O'Neal
MIA
70
13.6
5.6
10.6
394
745
.529
394
743
.530
1.28
.529
Kevin Garnett
BOS
69
14.3
5.8
11.2
402
772
.521
401
767
.523
1.28
.521
Andrew Bogut
MIL
69
15.9
6.9
13.2
473
910
.520
473
908
.521
1.20
.520
Tim Duncan
SA
78
17.9
7.2
13.9
561
1082
.518
559
1071
.522
1.29
.519
Chris Bosh
TOR
70
24.0
8.6
16.5
600
1158
.518
592
1136
.521
1.45
.522
Corey Maggette
GS
70
19.8
6.5
12.7
457
886
.516
444
836
.531
1.57
.523
Luis Scola
HOU
82
16.2
6.8
13.3
560
1090
.514
559
1085
.515
1.22
.514
Rajon Rondo
BOS
81
13.7
5.7
11.2
459
904
.508
442
824
.536
1.23
.517
Shawn Marion
DAL
75
12.0
5.3
10.4
395
778
.508
392
759
.516
1.15
.510
Steve Nash
PHX
81
16.5
6.2
12.2
499
985
.507
375
694
.540
1.35
.570
David West
NO
81
19.0
7.6
15.1
619
1226
.505
612
1199
.510
1.26
.508
Josh Smith
ATL
81
15.7
6.2
12.3
504
999
.505
504
992
.508
1.27
.505
LeBron James
CLE
76
29.7
10.1
20.1
768
1528
.503
639
1141
.560
1.48
.545
Brook Lopez
NJ
82
18.8
6.9
13.8
563
1129
.499
563
1127
.500
1.37
.499
Al Jefferson
MIN
76
17.1
7.4
14.8
560
1125
.498
560
1121
.500
1.16
.498
LaMarcus Aldridge
POR
78
17.9
7.4
15.0
579
1169
.495
574
1153
.498
1.19
.497
Roy Hibbert
IND
81
11.7
4.8
9.7
387
782
.495
384
776
.495
1.21
.497
Taj Gibson
CHI
82
9.0
3.8
7.7
311
629
.494
311
629
.494
1.17
.494
Udonis Haslem
MIA
78
9.9
4.0
8.1
312
632
.494
312
632
.494
1.22
.494
Beno Udrih
SAC
79
12.9
5.3
10.6
415
841
.493
340
642
.530
1.22
.538
Chris Paul
NO
45
18.7
7.0
14.2
314
637
.493
262
510
.514
1.32
.534
Chris Kaman
LAC
76
18.5
7.8
15.8
589
1202
.490
589
1196
.492
1.17
.490
Derrick Rose
CHI
78
20.8
8.6
17.6
672
1373
.489
656
1313
.500
1.18
.495
Zach Randolph
MEM
81
20.8
8.0
16.5
652
1336
.488
637
1284
.496
1.26
.494
Tony Parker
SA
56
16.0
6.2
12.8
349
716
.487
339
682
.497
1.25
.494
Gerald Wallace
CHA
76
18.2
6.0
12.4
456
943
.484
404
803
.503
1.47
.511
Boris Diaw
CHA
82
11.3
4.5
9.4
373
773
.483
307
567
.541
1.20
.525
