Rajon Rondo
BOS
81
36.6
189
2.33
3.06
246
3.04
198
0.77
0.95
Monta Ellis
GS
64
41.4
143
2.23
2.59
243
3.80
189
0.59
0.76
Stephen Curry
GS
80
36.2
152
1.90
2.52
244
3.05
252
0.62
0.60
Dwyane Wade
MIA
77
36.3
142
1.84
2.44
252
3.27
181
0.56
0.78
Jason Kidd
DAL
80
36.0
145
1.81
2.42
195
2.44
142
0.74
1.02
Trevor Ariza
HOU
72
36.5
126
1.75
2.30
161
2.24
162
0.78
0.78
Andre Iguodala
PHI
82
38.9
141
1.72
2.12
218
2.66
145
0.65
0.97
Baron Davis
LAC
75
33.6
126
1.68
2.40
211
2.81
210
0.60
0.60
LeBron James
CLE
76
39.0
125
1.64
2.02
261
3.43
119
0.48
1.05
Stephen Jackson
GS/CHA
81
38.6
132
1.63
2.02
259
3.20
197
0.51
0.67
Josh Smith
ATL
81
35.4
130
1.60
2.17
198
2.44
240
0.66
0.54
Caron Butler
DAL/WSH
74
37.6
116
1.57
2.00
160
2.16
193
0.73
0.60
Kobe Bryant
LAL
73
38.8
113
1.55
1.91
233
3.19
187
0.48
0.60
Gerald Wallace
CHA
76
41.0
117
1.54
1.80
178
2.34
194
0.66
0.60
Raymond Felton
CHA
80
33.0
123
1.54
2.23
168
2.10
172
0.73
0.72
Tyreke Evans
SAC
72
37.2
109
1.51
1.95
216
3.00
204
0.50
0.53
Rudy Gay
MEM
80
39.7
118
1.48
1.78
169
2.11
201
0.70
0.59
Corey Brewer
MIN
82
30.3
117
1.43
2.26
164
2.00
224
0.71
0.52
Nene Hilario
DEN
82
33.6
115
1.40
2.00
125
1.52
281
0.92
0.41
Rodney Stuckey
DET
73
34.2
101
1.38
1.94
163
2.23
205
0.62
0.49
Metta World Peace
LAL
77
33.8
106
1.38
1.95
121
1.57
165
0.88
0.64
Manu Ginobili
SA
75
28.7
103
1.37
2.30
154
2.05
154
0.67
0.67
Kevin Durant
OKC
82
39.5
112
1.37
1.66
271
3.30
171
0.41
0.65
Mike Conley
MEM
80
32.1
109
1.36
2.04
170
2.13
178
0.64
0.61
JR Smith
DEN
75
27.7
99
1.32
2.29
139
1.85
174
0.71
0.57
Russell Westbrook
OKC
82
34.3
108
1.32
1.84
268
3.27
204
0.40
0.53
Earl Watson
IND
79
29.4
104
1.32
2.15
175
2.22
181
0.59
0.57
Courtney Lee
NJ
71
33.5
93
1.31
1.88
76
1.07
130
1.22
0.72
Marcus Camby
LAC/POR
74
31.3
95
1.28
1.97
91
1.23
161
1.04
0.59
Brandon Jennings
MIL
82
32.6
105
1.28
1.89
200
2.44
191
0.53
0.55
Jeff Green
OKC
82
37.1
104
1.27
1.64
135
1.65
221
0.77
0.47
Deron Williams
UTAH
76
36.9
96
1.26
1.64
252
3.32
208
0.38
0.46
Mario Chalmers
MIA
73
24.8
91
1.25
2.42
123
1.68
175
0.74
0.52
John Salmons
CHI/MIL
81
34.9
99
1.22
1.68
123
1.52
166
0.80
0.60
Jason Terry
DAL
77
33.0
94
1.22
1.78
109
1.42
142
0.86
0.66
O.J. Mayo
MEM
82
38.0
98
1.20
1.51
176
2.15
174
0.56
0.56
Paul Pierce
BOS
71
34.0
84
1.18
1.67
166
2.34
196
0.51
0.43
Thabo Sefolosha
OKC
82
28.6
97
1.18
1.98
90
1.10
154
1.08
0.63
Kirk Hinrich
CHI
74
33.5
85
1.15
1.64
113
1.53
204
0.75
0.42
Andre Miller
POR
82
30.5
93
1.13
1.79
173
2.11
169
0.54
0.55
