Kyle Korver
UTAH
52
7.2
1.1
2
59
110
.536
79
170
.465
1.34
.598
Mike Miller
WSH
54
10.9
1.5
3
82
171
.480
135
262
.515
1.35
.596
Daniel Gibson
CLE
56
6.3
1.3
3
71
149
.477
54
119
.454
1.32
.599
Jared Dudley
PHX
82
8.2
1.5
3
120
262
.458
105
228
.461
1.38
.582
Anthony Morrow
GS
69
13.0
2.0
4
140
307
.456
189
396
.477
1.28
.568
Channing Frye
PHX
81
11.2
2.1
5
172
392
.439
145
311
.466
1.29
.573
Stephen Curry
GS
80
17.5
2.1
5
166
380
.437
362
763
.474
1.22
.535
Arron Afflalo
DEN
82
8.8
1.3
3
108
249
.434
164
336
.488
1.24
.557
Mo Williams
CLE
69
15.8
2.3
5
159
371
.429
219
484
.452
1.28
.535
Steve Nash
PHX
81
16.5
1.5
4
124
291
.426
375
694
.540
1.35
.570
Jason Kidd
DAL
80
10.3
2.2
5
176
414
.425
108
257
.420
1.23
.554
Paul Pierce
BOS
71
18.3
1.5
4
109
263
.414
300
604
.497
1.49
.535
Anthony Parker
CLE
81
7.3
1.3
3
108
261
.414
98
214
.458
1.25
.547
Jarrett Jack
TOR
82
11.4
1.0
2
82
199
.412
241
472
.511
1.39
.542
Brandon Rush
IND
82
9.4
1.5
4
124
302
.411
173
400
.433
1.10
.511
Nick Young
WSH
74
8.6
0.9
2
69
170
.406
164
388
.423
1.15
.479
JJ Redick
ORL
82
9.6
1.4
3
111
274
.405
132
279
.473
1.42
.540
George Hill
SA
78
12.4
1.0
2
75
188
.399
278
550
.505
1.31
.529
Aaron Brooks
HOU
82
19.6
2.5
6
209
525
.398
366
806
.454
1.21
.511
Jose Calderon
TOR
68
10.3
1.0
3
68
171
.398
206
397
.519
1.23
.542
Rashard Lewis
ORL
72
14.1
2.3
6
168
423
.397
182
382
.476
1.26
.539
Quentin Richardson
MIA
76
8.9
1.9
5
142
358
.397
100
203
.493
1.21
.558
Wayne Ellington
MIN
76
6.6
0.8
2
64
162
.395
126
286
.441
1.13
.496
Steve Blake
LAC/POR
80
7.3
1.5
4
116
294
.395
101
228
.443
1.12
.527
Goran Dragic
PHX
80
7.9
0.9
2
74
188
.394
148
303
.488
1.29
.527
D.J. Augustin
CHA
80
6.4
0.9
2
70
178
.393
98
257
.381
1.17
.467
Jason Richardson
PHX
79
15.7
2.0
5
157
400
.393
316
598
.528
1.24
.553
Nate Robinson
BOS/NY
56
10.1
1.6
4
87
223
.390
128
270
.474
1.15
.524
Jrue Holiday
PHI
73
8.0
0.8
2
62
159
.390
168
361
.465
1.13
.502
Matt Bonner
SA
65
7.0
1.4
4
90
231
.390
76
141
.539
1.23
.567
Mike Bibby
ATL
80
9.1
1.6
4
126
324
.389
142
320
.444
1.13
.514
Toney Douglas
NY
56
8.6
1.2
3
68
175
.389
111
216
.514
1.23
.545
Dorell Wright
MIA
72
7.1
0.8
2
61
157
.389
133
262
.508
1.22
.536
Mike Conley
MEM
80
12.0
1.0
3
82
212
.387
287
618
.464
1.16
.494
Chauncey Billups
DEN
73
19.5
2.2
6
157
407
.386
245
555
.441
1.48
.499
Andres Nocioni
SAC
75
8.5
1.3
3
96
249
.386
138
338
.408
1.08
.480
Mehmet Okur
UTAH
73
13.5
1.1
3
82
213
.385
273
562
.486
1.27
.511
Raymond Felton
CHA
80
12.1
0.8
2
60
156
.385
328
690
.475
1.14
.494
Troy Murphy
IND
72
14.6
1.8
5
128
333
.384
256
480
.533
1.29
.551
O.J. Mayo
MEM
82
17.5
1.7
4
136
355
.383
406
828
.490
1.21
.516
