Chris Paul
LAC
60
36.4
152
2.53
3.35
124
2.07
138
1.23
1.10
Mike Conley
MEM
62
35.1
136
2.19
3.00
125
2.02
133
1.09
1.02
LeBron James
MIA
62
37.5
115
1.85
2.37
213
3.44
96
0.54
1.20
Paul Millsap
UTAH
64
32.8
118
1.84
2.70
112
1.75
222
1.05
0.53
Tony Allen
MEM
58
26.3
104
1.79
3.27
94
1.62
142
1.11
0.73
Andre Iguodala
PHI
62
35.6
107
1.73
2.33
115
1.85
92
0.93
1.16
Iman Shumpert
NY
59
28.9
101
1.71
2.84
111
1.88
173
0.91
0.58
Russell Westbrook
OKC
66
35.3
112
1.70
2.31
239
3.62
147
0.47
0.76
Paul George
IND
66
29.7
108
1.64
2.65
117
1.77
191
0.92
0.57
Jeff Teague
ATL
66
33.1
106
1.61
2.33
134
2.03
145
0.79
0.73
Jrue Holiday
PHI
65
33.8
103
1.58
2.25
135
2.08
137
0.76
0.75
Brandon Jennings
MIL
66
35.3
104
1.58
2.14
146
2.21
114
0.71
0.91
Mario Chalmers
MIA
64
28.5
97
1.52
2.55
142
2.22
166
0.68
0.58
Gerald Wallace
NJ/POR
58
35.8
85
1.47
1.97
111
1.91
145
0.77
0.59
Monta Ellis
GS/MIL
58
36.6
85
1.47
1.92
177
3.05
136
0.48
0.63
Rudy Gay
MEM
65
37.3
95
1.46
1.88
161
2.48
138
0.59
0.69
Wesley Matthews
POR
66
33.8
96
1.45
2.07
73
1.11
148
1.32
0.65
DeMarcus Cousins
SAC
64
30.5
93
1.45
2.29
170
2.66
257
0.55
0.36
John Wall
WSH
66
36.2
95
1.44
1.91
255
3.86
137
0.37
0.69
Josh Smith
ATL
66
35.3
93
1.41
1.92
164
2.48
172
0.57
0.54
Ty Lawson
DEN
61
34.8
82
1.34
1.85
149
2.44
94
0.55
0.87
Kevin Durant
OKC
66
38.6
88
1.33
1.66
248
3.76
133
0.35
0.66
Tyreke Evans
SAC
63
34.3
84
1.33
1.86
171
2.71
136
0.49
0.62
Kawhi Leonard
SA
64
24.0
85
1.33
2.66
44
0.69
88
1.93
0.97
Alonzo Gee
CLE
63
29.0
83
1.32
2.18
114
1.81
149
0.73
0.56
Raymond Felton
POR
60
31.8
78
1.30
1.96
170
2.83
122
0.46
0.64
Goran Dragic
HOU
66
26.5
85
1.29
2.33
157
2.38
166
0.54
0.51
Greg Monroe
DET
66
31.5
83
1.26
1.91
161
2.44
180
0.52
0.46
Corey Brewer
DEN
59
21.8
72
1.22
2.69
56
0.95
113
1.29
0.64
Landry Fields
NY
66
28.7
79
1.20
2.00
102
1.55
99
0.77
0.80
Kobe Bryant
LAL
58
38.5
69
1.19
1.48
204
3.52
105
0.34
0.66
Courtney Lee
HOU
58
30.3
68
1.17
1.86
64
1.10
106
1.06
0.64
Jason Terry
DAL
63
31.7
73
1.16
1.75
127
2.02
69
0.57
1.06
Chandler Parsons
HOU
63
28.6
73
1.16
1.94
81
1.29
142
0.90
0.51
Paul Pierce
BOS
61
34.0
70
1.15
1.62
173
2.84
147
0.40
0.48
James Johnson
TOR
62
25.2
71
1.15
2.18
101
1.63
177
0.70
0.40
Ronnie Brewer
CHI
66
24.8
72
1.09
2.11
59
0.89
64
1.22
1.13
Metta World Peace
LAL
64
26.9
69
1.08
1.93
69
1.08
137
1.00
0.50
O.J. Mayo
MEM
66
26.8
71
1.08
1.92
124
1.88
137
0.57
0.52
Shawn Marion
DAL
63
30.5
67
1.06
1.68
98
1.56
87
0.68
0.77
