Shaquille O'Neal
MIA
73
22.9
9.0
15.0
658
1095
.601
658
1095
.601
1.52
.601
Amar'e Stoudemire
PHX
80
26.0
9.3
16.7
747
1336
.559
744
1320
.564
1.56
.560
Yao Ming
HOU
80
18.3
6.7
12.2
538
975
.552
538
975
.552
1.50
.552
Udonis Haslem
MIA
80
10.9
4.3
8.0
346
641
.540
346
637
.543
1.36
.540
Eddy Curry
CHI
63
16.1
6.2
11.6
393
730
.538
393
730
.538
1.39
.538
Ruben Patterson
POR
70
11.6
4.6
8.6
319
601
.531
317
576
.550
1.35
.532
Mark Blount
BOS
82
9.4
4.0
7.5
327
618
.529
327
617
.530
1.25
.529
Brad Miller
SAC
56
15.6
5.7
10.9
319
609
.524
314
590
.532
1.44
.528
Carlos Boozer
UTAH
51
17.8
7.1
13.6
361
693
.521
361
692
.522
1.31
.521
Dwight Howard
ORL
82
12.0
4.3
8.3
352
677
.520
352
675
.521
1.45
.520
Joe Smith
MIL
74
11.0
4.3
8.4
319
621
.514
319
620
.515
1.31
.514
Pau Gasol
MEM
56
17.8
6.4
12.4
357
695
.514
356
689
.517
1.43
.514
Antonio McDyess
DET
77
9.6
4.0
7.8
307
598
.513
307
597
.514
1.24
.513
Primoz Brezec
CHA
72
13.0
5.4
10.5
387
756
.512
387
756
.512
1.24
.512
Grant Hill
ORL
67
19.7
7.7
15.1
517
1015
.509
514
1002
.513
1.30
.511
Wally Szczerbiak
MIN
81
15.5
5.7
11.3
465
919
.506
402
750
.536
1.36
.540
Mike Miller
MEM
76
13.4
5.1
10.1
387
766
.505
247
443
.558
1.33
.597
Shareef Abdur-Rahim
POR
54
16.8
6.2
12.4
337
670
.503
322
631
.510
1.36
.514
Elton Brand
LAC
81
20.0
7.8
15.4
629
1251
.503
629
1248
.504
1.30
.503
Kevin Garnett
MIN
82
22.2
8.3
16.6
683
1360
.502
677
1335
.507
1.34
.504
Steve Nash
PHX
75
15.5
5.7
11.4
430
857
.502
336
639
.526
1.36
.557
Jason Terry
DAL
80
12.4
4.7
9.3
372
743
.501
269
498
.540
1.34
.570
Tim Duncan
SA
66
20.3
7.8
15.8
517
1042
.496
514
1033
.498
1.29
.498
Raef LaFrentz
BOS
80
11.1
4.3
8.6
341
688
.496
259
463
.559
1.28
.555
Drew Gooden
CLE
82
14.4
5.7
11.5
464
943
.492
459
915
.502
1.26
.495
Kenyon Martin
DEN
70
15.5
6.3
13.0
444
907
.490
444
895
.496
1.20
.490
Matt Harpring
UTAH
78
14.0
5.4
11.0
418
855
.489
409
812
.504
1.27
.494
Tayshaun Prince
DET
82
14.7
5.7
11.7
469
963
.487
422
825
.512
1.25
.511
Tony Parker
SA
80
16.6
6.7
14.0
539
1118
.482
496
962
.516
1.19
.501
Darius Miles
POR
63
12.8
5.3
11.1
336
697
.482
328
674
.487
1.16
.488
Dwyane Wade
MIA
77
24.1
8.2
17.1
630
1318
.478
617
1273
.485
1.41
.483
Lee Nailon
NO
68
14.2
6.1
12.8
415
869
.478
415
867
.479
1.11
.478
Andre Miller
DEN
82
13.6
5.2
10.9
427
895
.477
421
856
.492
1.24
.480
Shawn Marion
PHX
81
19.4
7.6
15.9
613
1289
.476
499
948
.526
1.22
.520
Josh Howard
DAL
76
12.6
5.0
10.4
377
793
.475
343
678
.506
1.21
.497
Lamar Odom
LAL
64
15.2
5.7
12.1
366
774
.473
330
657
.502
1.26
.496
LeBron James
CLE
80
27.2
9.9
21.1
795
1684
.472
687
1376
.499
1.29
.504
Chris Bosh
TOR
81
16.8
5.8
12.4
473
1005
.471
470
995
.472
1.35
.472
Kurt Thomas
NY
80
11.5
5.3
11.3
424
901
.471
422
897
.470
1.02
.472
Manu Ginobili
SA
74
16.0
5.0
10.5
367
780
.471
270
522
.517
1.52
.533
