Fred Hoiberg
MIN
76
5.8
0.9
2
70
145
.483
69
139
.496
1.54
.613
Joe Johnson
PHX
82
17.1
2.2
5
177
370
.478
367
809
.454
1.19
.536
Cuttino Mobley
ORL/SAC
66
17.2
2.3
5
150
342
.439
258
590
.437
1.22
.518
Mike Miller
MEM
76
13.4
1.8
4
140
323
.433
247
443
.558
1.33
.597
Damon Jones
MIA
82
11.6
2.7
6
225
521
.432
106
205
.517
1.32
.611
Steve Nash
PHX
75
15.5
1.3
3
94
218
.431
336
639
.526
1.36
.557
Jon Barry
ATL/HOU
69
6.6
1.0
2
71
165
.430
90
203
.443
1.24
.534
Chauncey Billups
DET
80
16.5
2.1
5
165
387
.426
239
526
.454
1.44
.533
Eric Piatkowski
CHI
68
4.8
0.8
2
57
134
.425
54
124
.435
1.26
.541
Jason Terry
DAL
80
12.4
1.3
3
103
245
.420
269
498
.540
1.34
.570
Donyell Marshall
TOR
65
11.5
2.3
6
151
363
.416
111
229
.485
1.26
.570
Jim Jackson
NO/HOU/PHX
64
10.5
1.9
5
122
295
.414
126
287
.439
1.15
.531
Jason Kapono
CHA
81
8.5
1.0
2
80
194
.412
189
477
.396
1.03
.461
Tim Thomas
NY
71
12.0
1.2
3
85
208
.409
230
510
.451
1.19
.498
Beno Udrih
SA
80
5.9
0.7
2
58
142
.408
115
248
.464
1.21
.518
Michael Finley
DAL
64
15.7
1.8
4
116
285
.407
271
622
.436
1.11
.491
Vince Carter
NJ/TOR
77
24.5
1.6
4
127
313
.406
569
1228
.463
1.22
.493
Kyle Korver
PHI
82
11.5
2.8
7
226
558
.405
91
201
.453
1.24
.567
Ben Gordon
CHI
82
15.1
1.6
4
134
331
.405
300
725
.414
1.17
.474
Bruce Bowen
SA
82
8.2
1.2
3
102
253
.403
149
345
.432
1.13
.505
Peja Stojakovic
SAC
66
20.1
2.6
7
174
433
.402
277
583
.475
1.31
.530
Rashard Lewis
SEA
71
20.5
2.4
6
173
432
.400
359
719
.499
1.27
.537
Dirk Nowitzki
DAL
78
26.1
1.2
3
91
228
.399
572
1217
.470
1.41
.490
Troy Murphy
GS
70
15.4
0.8
2
59
148
.399
333
799
.417
1.14
.445
James Jones
IND
75
4.9
0.9
2
66
166
.398
60
152
.395
1.17
.500
Shane Battier
MEM
80
9.9
0.9
2
70
177
.395
201
436
.461
1.29
.499
Jalen Rose
TOR
81
18.5
1.3
3
108
274
.394
419
885
.473
1.29
.501
Brian Cook
LAL
72
6.4
1.1
3
78
199
.392
98
223
.439
1.09
.509
Jumaine Jones
LAL
76
7.6
1.3
3
102
261
.391
108
225
.480
1.19
.537
Nick Van Exel
POR
53
11.1
1.9
5
100
257
.389
114
304
.375
1.04
.471
Vladimir Radmanovic
SEA
63
11.8
2.0
5
128
329
.389
138
321
.430
1.14
.508
Mike Dunleavy
GS
79
13.4
1.4
3
107
276
.388
301
629
.479
1.17
.510
Chucky Atkins
LAL
82
13.6
2.1
6
176
455
.387
212
455
.466
1.23
.523
Mike James
HOU/MIL
74
11.8
1.4
4
100
259
.386
231
492
.470
1.16
.507
Morris Peterson
TOR
82
12.5
1.6
4
129
335
.385
227
513
.442
1.21
.496
Derek Anderson
POR
47
9.2
1.2
3
58
151
.384
94
240
.392
1.10
.463
Bostjan Nachbar
NO/HOU
71
7.0
1.1
3
75
196
.383
86
215
.400
1.20
.483
Fred Jones
IND
77
10.6
1.1
3
87
229
.380
188
418
.450
1.26
.492
Hedo Turkoglu
ORL
67
14.0
1.4
4
93
245
.380
235
537
.438
1.20
.479
Luke Ridnour
SEA
82
10.0
0.8
2
67
178
.376
232
561
.414
1.12
.450
