Larry Hughes
WSH
61
38.7
176
2.89
3.58
153
2.51
168
1.15
1.05
Allen Iverson
PHI
75
42.3
180
2.40
2.72
344
4.59
140
0.52
1.29
LeBron James
CLE
80
42.4
177
2.21
2.51
262
3.28
146
0.68
1.21
Shawn Marion
PHX
81
38.8
163
2.01
2.49
125
1.54
199
1.30
0.82
Brevin Knight
CHA
66
29.5
131
1.98
3.23
147
2.23
192
0.89
0.68
Gilbert Arenas
WSH
80
40.9
139
1.74
2.04
242
3.03
245
0.57
0.57
Tracy McGrady
HOU
78
40.8
135
1.73
2.04
201
2.58
167
0.67
0.81
Andre Iguodala
PHI
82
32.8
138
1.68
2.47
139
1.70
204
0.99
0.68
Gerald Wallace
CHA
70
30.7
117
1.67
2.62
159
2.27
182
0.74
0.64
Paul Pierce
BOS
82
36.1
133
1.62
2.16
230
2.80
255
0.58
0.52
Manu Ginobili
SA
74
29.6
119
1.61
2.60
172
2.32
190
0.69
0.63
Kirk Hinrich
CHI
77
36.4
122
1.58
2.09
176
2.29
244
0.69
0.50
Dwyane Wade
MIA
77
38.6
121
1.57
1.95
321
4.17
230
0.38
0.53
Mike Bibby
SAC
80
38.6
124
1.55
1.93
203
2.54
191
0.61
0.65
Josh Howard
DAL
76
32.2
116
1.53
2.28
122
1.61
211
0.95
0.55
Ruben Patterson
POR
70
28.0
106
1.51
2.60
143
2.04
164
0.74
0.65
Stephon Marbury
NY
82
40.0
122
1.49
1.78
233
2.84
186
0.52
0.66
Kevin Garnett
MIN
82
38.1
121
1.48
1.86
222
2.71
207
0.55
0.58
Andre Miller
DEN
82
34.8
121
1.48
2.04
220
2.68
204
0.55
0.59
Rafer Alston
TOR
80
34.0
118
1.48
2.08
170
2.13
212
0.69
0.56
Jason Richardson
GS
72
37.8
105
1.46
1.85
169
2.35
156
0.62
0.67
Steve Francis
ORL
78
38.2
112
1.44
1.81
317
4.06
273
0.35
0.41
Ben Wallace
DET
74
36.1
106
1.43
1.90
82
1.11
159
1.29
0.67
Caron Butler
LAL
77
35.7
110
1.43
1.92
125
1.62
213
0.88
0.52
Kenyon Martin
DEN
70
32.5
100
1.43
2.11
149
2.13
228
0.67
0.44
Vince Carter
NJ/TOR
77
36.7
109
1.42
1.85
168
2.18
243
0.65
0.45
Bobby Simmons
LAC
75
37.3
106
1.41
1.82
135
1.80
227
0.79
0.47
Jason Terry
DAL
80
30.0
109
1.36
2.18
147
1.84
177
0.74
0.62
Jason Hart
CHA
74
25.5
99
1.34
2.52
102
1.38
167
0.97
0.59
Jamal Crawford
NY
70
38.4
92
1.31
1.64
148
2.11
135
0.62
0.68
Kyle Korver
PHI
82
32.5
103
1.26
1.85
106
1.29
265
0.97
0.39
Dirk Nowitzki
DAL
78
38.7
97
1.24
1.54
176
2.26
219
0.55
0.44
Tony Parker
SA
80
34.2
98
1.23
1.72
215
2.69
167
0.46
0.59
Quentin Richardson
PHX
79
35.9
96
1.22
1.62
102
1.29
197
0.94
0.49
David Wesley
NO/HOU
80
34.7
96
1.20
1.66
113
1.41
215
0.85
0.45
Antoine Walker
ATL/BOS
77
38.4
89
1.16
1.45
253
3.29
217
0.35
0.41
Luke Ridnour
SEA
82
31.4
94
1.15
1.75
149
1.82
185
0.63
0.51
Gary Payton
ATL/BOS
77
33.0
88
1.14
1.66
148
1.92
121
0.59
0.73
Shane Battier
MEM
80
31.5
91
1.14
1.74
75
0.94
201
1.21
0.45
Morris Peterson
TOR
82
30.6
91
1.11
1.74
93
1.13
219
0.98
0.42
