Jason Kapono
MIA
67
10.9
1.6
3
108
210
.514
170
353
.482
1.30
.590
Steve Nash
PHX
76
18.6
2.1
5
156
343
.455
361
628
.575
1.45
.613
Brent Barry
SA
75
8.5
1.7
4
128
287
.446
74
138
.536
1.49
.626
Luther Head
HOU
80
10.9
2.2
5
177
401
.441
129
299
.431
1.25
.564
Anthony Parker
TOR
73
12.4
1.6
4
115
261
.441
213
426
.500
1.31
.561
Jason Terry
DAL
81
16.7
2.0
5
162
370
.438
352
693
.508
1.27
.560
Leandro Barbosa
PHX
80
18.1
2.4
5
190
438
.434
339
673
.504
1.30
.562
Al Harrington
GS/IND
78
16.5
1.6
4
127
293
.433
368
790
.466
1.19
.516
Kyle Korver
PHI
74
14.4
1.8
4
132
307
.430
240
538
.446
1.26
.518
Eddie House
NJ
56
8.4
1.3
3
75
175
.429
105
246
.427
1.11
.517
Bostjan Nachbar
NJ
76
9.2
1.5
3
112
265
.423
114
230
.496
1.41
.570
Shane Battier
HOU
82
10.1
1.9
5
157
373
.421
135
281
.480
1.27
.567
Dirk Nowitzki
DAL
78
24.6
0.9
2
72
173
.416
601
1168
.515
1.43
.529
Matt Carroll
CHA
72
12.1
1.5
4
111
267
.416
174
391
.445
1.32
.517
Kirk Hinrich
CHI
80
16.6
1.8
4
140
337
.415
335
724
.463
1.25
.514
Ben Gordon
CHI
82
21.4
1.9
5
155
375
.413
454
963
.471
1.31
.513
Raja Bell
PHX
78
14.7
2.6
6
205
496
.413
205
454
.452
1.20
.539
Cuttino Mobley
LAC
78
13.8
1.3
3
101
246
.411
287
636
.451
1.22
.497
Ime Udoka
POR
75
8.4
1.2
3
89
219
.406
148
295
.502
1.22
.548
Mike Miller
MEM
70
18.5
2.9
7
202
498
.406
263
512
.514
1.28
.560
Sasha Pavlovic
CLE
67
9.0
0.9
2
60
148
.405
162
342
.474
1.23
.514
DeShawn Stevenson
WSH
82
11.2
0.9
2
74
183
.404
273
570
.479
1.22
.510
Earl Boykins
DEN/MIL
66
14.6
1.4
4
95
239
.397
228
530
.430
1.25
.482
Ricky Davis
MIN
81
17.0
1.5
4
123
310
.397
383
779
.492
1.26
.521
Manu Ginobili
SA
75
16.5
1.7
4
128
323
.396
268
531
.505
1.45
.539
Troy Murphy
GS/IND
68
10.3
0.9
2
58
147
.395
208
434
.479
1.20
.508
Rashard Lewis
SEA
60
22.4
2.5
6
151
387
.390
312
618
.505
1.34
.536
JR Smith
DEN
63
13.0
2.4
6
149
382
.390
135
262
.515
1.27
.557
Nate Robinson
NY
64
10.1
1.3
3
83
213
.390
144
310
.465
1.23
.513
Paul Pierce
BOS
47
25.0
2.3
6
107
275
.389
266
575
.463
1.38
.502
Hedo Turkoglu
ORL
73
13.3
1.5
4
109
281
.388
236
542
.435
1.18
.485
Jannero Pargo
NO
82
9.2
1.0
3
81
209
.388
202
483
.418
1.09
.467
Mickael Pietrus
GS
72
11.1
1.3
3
93
240
.388
193
346
.558
1.37
.567
Tayshaun Prince
DET
82
14.3
1.0
3
81
210
.386
378
787
.480
1.17
.501
Damon Jones
CLE
60
6.6
1.5
4
89
231
.385
48
124
.387
1.11
.511
Josh Howard
DAL
70
18.9
1.3
3
92
239
.385
401
836
.480
1.23
.501
Mehmet Okur
UTAH
80
17.6
1.6
4
129
336
.384
361
725
.498
1.32
.523
Bruce Bowen
SA
82
6.2
1.1
3
89
232
.384
100
235
.426
1.09
.500
Andres Nocioni
CHI
53
14.1
1.5
4
80
209
.383
193
375
.515
1.28
.536
Jerry Stackhouse
DAL
67
12.0
0.9
2
62
162
.383
218
492
.443
1.23
.476
