Steve Novak
NY
54
8.8
2.5
5
133
282
.472
28
55
.509
1.42
.675
Ersan Ilyasova
MIL
60
13.0
0.9
2
51
112
.455
243
485
.501
1.31
.535
Stephen Curry
GS
26
14.7
2.1
5
55
121
.455
90
175
.514
1.29
.583
Ray Allen
BOS
46
14.2
2.3
5
106
234
.453
120
259
.463
1.33
.566
Mike Miller
MIA
39
6.1
1.4
3
53
117
.453
38
92
.413
1.13
.562
Brandon Rush
GS
65
9.8
1.5
3
99
219
.452
136
250
.544
1.35
.607
Willie Green
ATL
53
7.6
0.9
2
50
113
.442
103
212
.486
1.24
.548
Jordan Farmar
NJ
39
10.4
1.4
3
55
125
.440
92
190
.484
1.29
.554
Danny Green
SA
66
9.1
1.5
4
102
234
.436
109
243
.449
1.26
.549
Kyle Korver
CHI
65
8.1
1.8
4
118
271
.435
60
141
.426
1.28
.575
Ben Gordon
DET
52
12.5
1.2
3
63
147
.429
171
383
.446
1.22
.501
Jerryd Bayless
TOR
31
11.4
1.4
3
44
104
.423
73
172
.424
1.28
.504
Chris Duhon
ORL
63
3.8
0.8
2
50
119
.420
35
84
.417
1.17
.542
Richard Jefferson
GS/SA
63
9.2
1.8
4
113
269
.420
90
219
.411
1.18
.532
Matt Bonner
SA
65
6.6
1.6
4
105
250
.420
49
100
.490
1.23
.590
Gary Neal
SA
56
9.9
1.5
4
83
198
.419
129
288
.448
1.15
.522
JJ Redick
ORL
65
11.6
1.7
4
112
268
.418
136
316
.430
1.29
.521
Klay Thompson
GS
66
12.5
1.7
4
111
268
.414
207
450
.460
1.15
.520
Manu Ginobili
SA
34
12.9
1.5
4
52
126
.413
98
159
.616
1.54
.618
James Jones
MIA
51
3.6
0.9
2
46
114
.404
11
36
.306
1.23
.533
Chase Budinger
HOU
58
9.6
1.5
4
88
219
.402
120
252
.476
1.18
.535
Courtney Lee
HOU
58
11.4
1.5
4
87
217
.401
164
363
.452
1.14
.508
Mike Dunleavy
MIL
55
12.3
1.5
4
83
208
.399
156
296
.527
1.34
.557
Kyrie Irving
CLE
51
18.5
1.4
4
73
183
.399
277
564
.491
1.26
.517
Arron Afflalo
DEN
62
15.2
1.4
4
88
221
.398
241
478
.504
1.35
.534
Daniel Gibson
CLE
35
7.5
1.6
4
55
139
.396
32
109
.294
1.06
.462
Andre Iguodala
PHI
62
12.4
1.2
3
76
193
.394
211
439
.481
1.22
.514
Ryan Anderson
ORL
61
16.1
2.7
7
166
422
.393
166
335
.496
1.29
.548
C.J. Watson
CHI
49
9.7
1.4
4
68
173
.393
93
264
.352
1.08
.446
John Lucas III
CHI
49
7.5
1.1
3
55
140
.393
88
218
.404
1.03
.476
Nicolas Batum
POR
59
13.9
1.8
5
107
274
.391
182
367
.496
1.28
.534
James Harden
OKC
62
16.8
1.8
5
114
292
.390
195
337
.579
1.66
.582
Steve Nash
PHX
62
12.5
0.9
2
55
141
.390
240
414
.580
1.39
.581
Marvin Williams
ATL
57
10.2
1.0
3
58
149
.389
145
321
.452
1.23
.494
Mo Williams
LAC
52
13.2
1.8
5
93
239
.389
167
372
.449
1.12
.502
Mario Chalmers
MIA
64
9.8
1.6
4
101
260
.388
122
238
.513
1.26
.549
Joe Johnson
ATL
60
18.8
2.1
5
125
322
.388
298
609
.489
1.21
.521
Kevin Durant
OKC
66
28.0
2.0
5
133
344
.387
510
953
.535
1.43
.547
Randy Foye
LAC
65
11.0
2.0
5
127
329
.386
129
315
.410
1.11
.496
Paul George
IND
66
12.1
1.4
4
90
234
.385
191
405
.472
1.25
.510
