Tyson Chandler
NY
62
11.3
3.9
5.7
241
355
.679
241
353
.683
1.97
.679
Dwight Howard
ORL
54
20.6
7.7
13.4
416
726
.573
416
719
.579
1.53
.573
Nikola Pekovic
MIN
47
13.9
5.4
9.7
256
454
.564
256
454
.564
1.43
.564
Andrew Bynum
LAL
60
18.7
7.4
13.3
444
796
.558
443
791
.560
1.41
.558
JaVale McGee
DEN/WSH
61
11.3
5.0
9.0
307
552
.556
307
552
.556
1.25
.556
Marcin Gortat
PHX
66
15.4
6.5
11.7
427
769
.555
427
767
.557
1.32
.555
Blake Griffin
LAC
66
20.7
8.5
15.5
561
1022
.549
559
1006
.556
1.34
.550
Serge Ibaka
OKC
66
9.1
4.0
7.4
262
490
.535
261
487
.536
1.23
.536
DeJuan Blair
SA
64
9.5
4.2
7.9
269
504
.534
269
503
.535
1.21
.534
Carlos Boozer
CHI
66
15.0
6.8
12.8
448
842
.532
448
841
.533
1.18
.532
Steve Nash
PHX
62
12.5
4.8
9.0
295
555
.532
240
414
.580
1.39
.581
LeBron James
MIA
62
27.1
10.0
18.9
621
1169
.531
567
1020
.556
1.44
.554
Greg Monroe
DET
66
15.4
6.2
11.8
407
781
.521
407
780
.522
1.30
.521
LaMarcus Aldridge
POR
55
21.7
8.8
17.1
483
943
.512
481
932
.516
1.26
.513
Joakim Noah
CHI
64
10.2
3.9
7.7
249
490
.508
249
489
.509
1.33
.508
Thaddeus Young
PHI
63
12.8
5.5
10.9
348
687
.507
347
683
.508
1.18
.507
David Lee
GS
57
20.1
8.1
16.2
464
922
.503
464
917
.506
1.24
.503
Kevin Garnett
BOS
60
15.8
6.5
13.0
391
777
.503
388
768
.505
1.22
.505
Pau Gasol
LAL
65
17.4
7.1
14.1
459
917
.501
452
890
.508
1.23
.504
Dwyane Wade
MIA
49
22.1
8.5
17.1
416
837
.497
401
781
.513
1.29
.506
Roy Hibbert
IND
65
12.8
5.1
10.3
332
668
.497
332
667
.498
1.25
.497
Kevin Durant
OKC
66
28.0
9.7
19.7
643
1297
.496
510
953
.535
1.43
.547
Paul Millsap
UTAH
64
16.6
6.7
13.5
426
861
.495
419
830
.505
1.23
.499
Elton Brand
PHI
60
11.0
4.8
9.7
287
581
.494
287
580
.495
1.13
.494
Tim Duncan
SA
58
15.4
6.2
12.6
361
733
.493
361
729
.495
1.22
.492
Ersan Ilyasova
MIL
60
13.0
4.9
10.0
294
597
.492
243
485
.501
1.31
.535
Al Jefferson
UTAH
61
19.2
8.5
17.2
516
1048
.492
515
1044
.493
1.12
.493
James Harden
OKC
62
16.8
5.0
10.1
309
629
.491
195
337
.579
1.66
.582
Luis Scola
HOU
66
15.5
6.6
13.5
436
888
.491
436
885
.493
1.15
.491
Ty Lawson
DEN
61
16.4
6.1
12.6
374
767
.488
301
567
.531
1.30
.535
David West
IND
66
12.8
5.3
10.8
349
716
.487
347
707
.491
1.18
.489
Chris Bosh
MIA
57
18.0
6.9
14.2
393
807
.487
383
772
.496
1.27
.493
Jared Dudley
PHX
65
12.7
4.8
9.9
312
643
.485
232
434
.535
1.28
.547
Amar'e Stoudemire
NY
47
17.5
6.7
13.9
316
654
.483
311
633
.491
1.26
.487
Marc Gasol
MEM
65
14.6
5.5
11.4
357
740
.482
356
728
.489
1.29
.483
Kris Humphries
NJ
62
13.8
5.2
10.8
323
671
.481
323
671
.481
1.27
.481
Tony Parker
SA
60
18.3
7.1
14.8
427
890
.480
413
829
.498
1.23
.488
Brandon Bass
BOS
59
12.5
5.1
10.7
303
632
.479
303
632
.479
1.17
.479
Chris Paul
LAC
60
19.8
7.1
14.8
425
890
.478
346
677
.511
1.34
.522
Jeff Teague
ATL
66
12.6
4.8
10.2
320
672
.476
269
523
.514
1.24
.514
