Troy Daniels
CHA
43
5.6
1.4
3
59
122
.484
30
65
.462
1.29
.634
JJ Redick
LAC
75
16.3
2.7
6
200
421
.475
222
459
.484
1.39
.593
Stephen Curry
GS
79
30.1
5.1
11
402
886
.454
403
712
.566
1.49
.630
Kawhi Leonard
SA
72
21.2
1.8
4
129
291
.443
422
799
.528
1.40
.565
Jerryd Bayless
MIL
52
10.4
1.9
4
101
231
.437
84
206
.408
1.24
.539
Doug McDermott
CHI
81
9.4
1.4
3
110
259
.425
181
385
.470
1.19
.537
Klay Thompson
GS
80
22.1
3.5
8
276
650
.425
375
736
.510
1.28
.569
Jared Dudley
WSH
81
7.9
1.2
3
100
238
.420
133
249
.534
1.31
.581
CJ McCollum
POR
80
20.8
2.5
6
197
472
.417
444
959
.463
1.16
.517
Chandler Parsons
DAL
61
13.7
1.7
4
104
251
.414
216
400
.540
1.29
.571
Brandon Rush
GS
72
4.2
0.9
2
65
157
.414
46
103
.447
1.17
.552
Jose Calderon
NY
72
7.6
1.2
3
84
203
.414
125
252
.496
1.20
.552
Matthew Dellavedova
CLE
76
7.5
1.3
3
98
239
.410
109
272
.401
1.11
.501
Omri Casspi
SAC
69
11.8
1.6
4
112
274
.409
187
348
.537
1.31
.571
George Hill
IND
74
12.1
1.7
4
128
314
.408
198
425
.466
1.21
.528
Kelly Olynyk
BOS
69
10.0
1.2
3
85
210
.405
168
346
.486
1.24
.531
D.J. Augustin
DEN/OKC
62
7.5
1.1
3
68
168
.405
80
182
.440
1.33
.520
Luis Scola
TOR
76
8.7
0.9
2
65
161
.404
204
437
.467
1.11
.504
Marvin Williams
CHA
81
11.7
1.9
5
152
378
.402
186
369
.504
1.27
.554
Darren Collison
SAC
74
14.0
1.2
3
87
217
.401
290
559
.519
1.33
.542
JR Smith
CLE
77
12.4
2.6
7
204
510
.400
149
340
.438
1.12
.535
Evan Fournier
ORL
79
15.4
2.0
5
156
390
.400
273
539
.506
1.31
.546
Patrick Beverley
HOU
71
9.9
1.7
4
124
310
.400
134
284
.472
1.18
.539
Jeff Teague
ATL
79
15.7
1.4
3
110
275
.400
324
713
.454
1.25
.495
Toney Douglas
NO
61
8.7
1.3
3
81
203
.399
102
242
.421
1.19
.502
Kyle Korver
ATL
80
9.2
2.0
5
158
396
.399
110
220
.500
1.20
.563
Khris Middleton
MIL
79
18.2
1.8
5
143
361
.396
364
781
.466
1.26
.507
Raul Neto
UTAH
81
5.9
0.8
2
64
162
.395
116
256
.453
1.14
.507
Allen Crabbe
POR
81
10.3
1.4
4
112
284
.394
199
394
.505
1.23
.541
Mirza Teletovic
PHX
79
12.2
2.3
6
181
460
.393
151
317
.476
1.24
.544
Mike Scott
ATL
75
6.2
0.8
2
62
158
.392
114
218
.523
1.23
.551
Manu Ginobili
SA
58
9.6
1.2
3
70
179
.391
127
256
.496
1.28
.533
Nikola Mirotic
CHI
66
11.8
2.0
5
135
346
.390
113
263
.430
1.28
.518
Zach LaVine
MIN
82
14.0
1.5
4
123
316
.389
310
643
.482
1.20
.516
Draymond Green
GS
81
14.0
1.2
3
100
258
.388
301
561
.537
1.38
.551
Kyle Lowry
TOR
77
21.2
2.8
7
212
547
.388
300
651
.461
1.36
.516
Bradley Beal
WSH
55
17.4
1.9
5
105
271
.387
254
528
.481
1.20
.515
Anthony Morrow
OKC
68
5.6
1.2
3
79
204
.387
57
129
.442
1.14
.527
Channing Frye
CLE/ORL
70
6.1
1.3
3
91
235
.387
61
112
.545
1.22
.569
Terrence Ross
TOR
73
9.9
1.8
5
131
339
.386
139
287
.484
1.15
.536
