Garrett Temple
WSH
10
0.5
0.2
0.2
2
2
1.000
1
1
1.000
2.50
1.250
Dennis Schroder
ATL
2
2.5
1.0
1.0
2
2
1.000
1
1
1.000
2.50
1.250
Reggie Bullock
LAC
2
1.0
0.5
0.5
1
1
1.000
1
1
1.000
2.00
1.000
Brandan Wright
DAL
6
5.5
2.5
3.0
15
18
.833
15
18
.833
1.83
.833
DeAndre Jordan
LAC
13
9.6
3.5
4.8
46
63
.730
46
63
.730
1.98
.730
Steven Adams
OKC
18
3.9
1.7
2.5
31
45
.689
31
45
.689
1.56
.689
Chris Douglas-Roberts
CHA
4
9.5
2.8
4.0
11
16
.688
7
8
.875
2.38
.813
Cartier Martin
ATL
3
1.3
0.7
1.0
2
3
.667
2
3
.667
1.33
.667
Amir Johnson
TOR
7
11.0
4.9
7.4
34
52
.654
34
50
.680
1.48
.654
Jonas Valanciunas
TOR
7
10.9
4.4
7.0
31
49
.633
31
49
.633
1.55
.633
Tiago Splitter
SA
23
7.5
2.7
4.3
61
100
.610
61
99
.616
1.73
.610
Glen Davis
LAC
13
3.8
1.9
3.2
25
41
.610
25
41
.610
1.22
.610
Bismack Biyombo
CHA
3
2.7
1.0
1.7
3
5
.600
3
5
.600
1.60
.600
DeJuan Blair
DAL
6
6.7
2.7
4.5
16
27
.593
16
27
.593
1.48
.593
Serge Ibaka
OKC
17
12.1
5.1
8.6
87
147
.592
82
134
.612
1.39
.609
Chris Andersen
MIA
18
5.1
1.8
3.2
33
57
.579
33
56
.589
1.61
.579
LeBron James
MIA
20
27.4
9.6
17.0
192
340
.565
157
254
.618
1.61
.616
Jermaine O'Neal
GS
7
6.0
2.6
4.6
18
32
.563
18
32
.563
1.31
.563
Taj Gibson
CHI
5
18.2
6.4
11.4
32
57
.561
32
57
.561
1.60
.561
Dwight Howard
HOU
6
26.0
9.7
17.7
58
106
.547
58
106
.547
1.47
.547
Patrick Patterson
TOR
7
10.4
3.7
6.9
26
48
.542
19
30
.633
1.52
.615
Kendrick Perkins
OKC
19
3.2
1.3
2.4
24
45
.533
24
45
.533
1.33
.533
Joe Johnson
BKN
12
21.2
8.2
15.3
98
184
.533
76
131
.580
1.38
.592
David Lee
GS
7
13.9
5.9
11.0
41
77
.532
41
77
.532
1.26
.532
Troy Daniels
HOU
4
7.8
2.3
4.3
9
17
.529
1
2
.500
1.82
.765
Marreese Speights
GS
7
6.3
2.7
5.1
19
36
.528
19
36
.528
1.22
.528
Kevin Garnett
BKN
12
6.9
2.8
5.3
33
63
.524
33
61
.541
1.32
.524
Tim Duncan
SA
23
16.3
6.5
12.4
149
285
.523
149
283
.527
1.31
.523
Michael Kidd-Gilchrist
CHA
4
8.5
3.5
6.8
14
27
.519
14
26
.538
1.26
.519
Andre Iguodala
GS
7
13.1
4.6
8.9
32
62
.516
24
47
.511
1.48
.581
Terrence Jones
HOU
6
7.7
3.3
6.5
20
39
.513
20
38
.526
1.18
.513
Joakim Noah
CHI
5
10.4
4.2
8.2
21
41
.512
21
41
.512
1.27
.512
Shaun Livingston
BKN
12
9.7
3.7
7.2
44
86
.512
43
85
.506
1.35
.517
Kawhi Leonard
SA
23
14.3
5.3
10.4
122
239
.510
91
165
.552
1.37
.575
Chris Bosh
MIA
20
14.9
5.8
11.5
116
229
.507
86
155
.555
1.30
.572
Dwyane Wade
MIA
20
17.8
7.0
13.9
139
278
.500
130
254
.512
1.28
.516
Blake Griffin
LAC
13
23.5
9.0
18.0
117
234
.500
116
227
.511
1.31
.502
Boris Diaw
SA
23
9.2
3.5
7.0
80
160
.500
62
115
.539
1.32
.556
Will Barton
POR
7
6.4
2.4
4.9
17
34
.500
11
23
.478
1.32
.588
Aron Baynes
SA
14
2.3
0.9
1.7
12
24
.500
12
23
.522
1.33
.500
