Eddy Curry
CHI
81
10.5
4.1
7.1
335
573
.585
335
573
.585
1.48
.585
Shaquille O'Neal
LAL
67
27.5
10.4
18.1
695
1211
.574
695
1211
.574
1.52
.574
Carlos Boozer
CLE
81
10.0
4.1
7.6
331
618
.536
331
617
.536
1.31
.536
P.J. Brown
NO
78
10.7
4.1
7.7
319
601
.531
319
598
.533
1.38
.531
Rasho Nesterovic
MIN
77
11.2
5.2
9.9
400
762
.525
400
760
.526
1.13
.525
Nene Hilario
DEN
80
10.5
4.0
7.7
321
619
.519
321
616
.521
1.36
.519
Tim Duncan
SA
81
23.3
8.8
17.2
714
1392
.513
708
1370
.517
1.35
.515
Matt Harpring
UTAH
78
17.6
6.7
13.1
521
1020
.511
455
860
.529
1.34
.543
Pau Gasol
MEM
82
19.0
6.9
13.6
569
1116
.510
568
1106
.514
1.39
.510
Brian Grant
MIA
82
10.3
4.2
8.2
344
676
.509
344
676
.509
1.25
.509
Kevin Garnett
MIN
82
23.0
9.1
18.1
743
1481
.502
723
1410
.513
1.27
.508
Elton Brand
LAC
62
18.5
7.3
14.5
451
899
.502
451
898
.502
1.27
.502
Richard Jefferson
NJ
80
15.5
5.7
11.4
456
911
.501
450
887
.507
1.36
.504
Calbert Cheaney
UTAH
81
8.6
4.0
8.0
325
651
.499
315
626
.503
1.08
.507
Yao Ming
HOU
82
13.5
4.9
9.8
401
805
.498
400
803
.498
1.37
.499
Brad Miller
IND
73
13.1
4.5
9.1
329
667
.493
324
651
.498
1.43
.497
Andrei Kirilenko
UTAH
80
12.0
3.9
8.0
315
642
.491
278
528
.527
1.50
.519
Jermaine O'Neal
IND
77
20.8
7.9
16.4
610
1260
.484
603
1239
.487
1.27
.487
Kurt Thomas
NY
81
14.0
6.1
12.7
497
1028
.483
495
1025
.483
1.10
.484
John Stockton
UTAH
82
10.8
3.8
7.8
309
640
.483
280
560
.500
1.38
.505
Keith Van Horn
PHI
74
15.9
6.2
12.9
459
952
.482
394
776
.508
1.24
.516
Wally Szczerbiak
MIN
52
17.6
6.8
14.0
351
729
.481
290
584
.497
1.25
.523
Peja Stojakovic
SAC
72
19.2
6.9
14.4
497
1034
.481
342
628
.545
1.33
.556
Jamaal Magloire
NO
82
10.3
3.7
7.7
305
635
.480
305
632
.483
1.32
.480
Shareef Abdur-Rahim
ATL
81
19.9
7.0
14.6
566
1183
.478
545
1123
.485
1.36
.487
Amar'e Stoudemire
PHX
82
13.5
4.8
10.1
392
830
.472
390
820
.476
1.33
.473
Rasheed Wallace
POR
74
18.1
7.0
14.8
515
1094
.471
405
787
.515
1.22
.521
Kenyon Martin
NJ
77
16.7
6.6
14.1
509
1082
.470
500
1039
.481
1.19
.475
Mike Bibby
SAC
55
15.9
6.0
12.7
329
700
.470
273
563
.485
1.25
.510
Sam Cassell
MIL
78
19.7
7.0
14.9
546
1162
.470
487
999
.487
1.32
.495
Antawn Jamison
GS
82
22.2
8.4
17.9
691
1471
.470
626
1262
.496
1.24
.492
Michael Redd
MIL
82
15.1
5.5
11.8
455
971
.469
273
555
.492
1.28
.562
Vince Carter
TOR
43
20.6
8.3
17.7
355
760
.467
310
629
.493
1.16
.497
Kerry Kittles
NJ
65
13.0
5.1
10.9
332
711
.467
254
492
.516
1.19
.522
Larry Hughes
WSH
67
12.8
5.2
11.1
346
741
.467
317
662
.479
1.16
.487
Vlade Divac
SAC
80
9.9
3.8
8.2
305
655
.466
299
630
.475
1.21
.470
Steve Nash
DAL
82
17.7
6.3
13.6
518
1114
.465
407
845
.482
1.31
.515
Bobby Jackson
SAC
59
15.2
5.8
12.4
340
732
.464
251
497
.505
1.22
.525
Tony Parker
SA
82
15.5
5.9
12.7
484
1043
.464
402
800
.503
1.22
.503
Dirk Nowitzki
DAL
80
25.1
8.6
18.6
690
1489
.463
542
1099
.493
1.35
.513
