Bruce Bowen
SA
82
7.1
1.2
3
101
229
.441
122
250
.488
1.22
.571
Michael Redd
MIL
82
15.1
2.2
5
182
416
.438
273
555
.492
1.28
.562
Wesley Person
MEM
66
11.0
1.5
4
100
231
.433
174
370
.470
1.21
.539
David Wesley
NO
73
16.7
1.8
4
134
316
.424
315
721
.437
1.17
.498
Wally Szczerbiak
MIN
52
17.6
1.2
3
61
145
.421
290
584
.497
1.25
.523
Steve Nash
DAL
82
17.7
1.4
3
111
269
.413
407
845
.482
1.31
.515
Matt Harpring
UTAH
78
17.6
0.8
2
66
160
.413
455
860
.529
1.34
.543
Anthony Peeler
MIN
82
7.7
1.1
3
87
212
.410
165
397
.416
1.03
.485
Mike Bibby
SAC
55
15.9
1.0
2
56
137
.409
273
563
.485
1.25
.510
Eddie Jones
MIA
47
18.5
2.1
5
98
241
.407
193
447
.432
1.26
.494
Jon Barry
DET
80
6.9
1.1
3
87
214
.407
104
210
.495
1.31
.553
Brent Barry
SEA
75
10.3
1.6
4
118
293
.403
146
284
.514
1.34
.560
Derek Fisher
LAL
82
10.5
1.0
3
85
212
.401
254
563
.451
1.11
.492
Shane Battier
MEM
78
9.7
1.1
3
86
216
.398
189
353
.535
1.33
.559
Eric Piatkowski
LAC
62
9.7
1.3
3
80
201
.398
130
245
.531
1.35
.561
Glen Rice
HOU
62
9.0
1.6
4
101
254
.398
95
203
.468
1.22
.539
Pat Garrity
ORL
81
10.7
2.0
5
161
407
.396
151
337
.448
1.17
.528
Allan Houston
NY
82
22.5
2.2
5
178
450
.396
474
1015
.467
1.26
.506
Tony Delk
BOS
67
9.8
1.8
5
120
304
.395
113
256
.441
1.17
.523
Doug Christie
SAC
80
9.4
0.9
2
73
185
.395
194
372
.522
1.34
.545
Chauncey Billups
DET
74
16.2
2.0
5
149
380
.392
217
490
.443
1.38
.506
Jamal Mashburn
NO
82
21.6
1.5
4
119
306
.389
551
1280
.430
1.12
.460
Howard Eisley
NY
82
9.1
1.6
4
131
337
.389
131
291
.450
1.18
.521
Erick Strickland
IND
71
6.5
0.9
2
62
160
.388
101
220
.459
1.21
.511
Shawn Marion
PHX
81
21.2
1.7
4
141
364
.387
521
1102
.473
1.17
.500
Tracy McGrady
ORL
75
32.1
2.3
6
173
448
.386
656
1365
.481
1.33
.505
Kobe Bryant
LAL
82
30.0
1.5
4
124
324
.383
744
1600
.465
1.28
.483
Peja Stojakovic
SAC
72
19.2
2.2
6
155
406
.382
342
628
.545
1.33
.556
Dirk Nowitzki
DAL
80
25.1
1.9
5
148
390
.379
542
1099
.493
1.35
.513
Bobby Jackson
SAC
59
15.2
1.5
4
89
235
.379
251
497
.505
1.22
.525
Charlie Ward
NY
66
7.2
1.5
4
101
267
.378
64
147
.435
1.14
.521
Nick Van Exel
DAL
73
12.5
1.6
4
118
312
.378
224
519
.432
1.10
.483
Ray Allen
MIL/SEA
76
22.5
2.6
7
201
533
.377
397
830
.478
1.26
.512
Rick Fox
LAL
76
9.0
1.4
4
105
280
.375
157
341
.460
1.10
.506
Walt Williams
DAL
66
5.5
1.0
3
64
171
.374
70
170
.412
1.06
.487
Latrell Sprewell
NY
74
16.4
1.8
5
134
360
.372
320
767
.417
1.08
.462
Jason Terry
ATL
81
17.2
2.0
5
160
431
.371
328
710
.462
1.22
.498
Jalen Rose
CHI
82
22.1
1.6
4
133
359
.370
509
1224
.416
1.15
.448
Michael Finley
DAL
69
19.3
1.7
5
119
322
.370
388
871
.445
1.12
.475
Keith Van Horn
PHI
74
15.9
0.9
2
65
176
.369
394
776
.508
1.24
.516
