Allen Iverson
PHI
82
42.5
225
2.74
3.10
286
3.49
149
0.79
1.51
Metta World Peace
IND
69
33.6
159
2.30
3.29
145
2.10
242
1.10
0.66
Shawn Marion
PHX
81
41.6
185
2.28
2.63
157
1.94
208
1.18
0.89
Doug Christie
SAC
80
33.9
180
2.25
3.19
144
1.80
186
1.25
0.97
Jason Kidd
NJ
80
37.4
179
2.24
2.87
296
3.70
127
0.60
1.41
Kobe Bryant
LAL
82
41.5
181
2.21
2.55
288
3.51
218
0.63
0.83
Paul Pierce
BOS
79
39.2
139
1.76
2.16
288
3.65
227
0.48
0.61
Caron Butler
MIA
78
36.6
137
1.76
2.30
192
2.46
230
0.71
0.60
Steve Francis
HOU
81
41.0
141
1.74
2.04
299
3.69
251
0.47
0.56
Jamaal Tinsley
IND
73
30.6
125
1.71
2.68
192
2.63
201
0.65
0.62
Karl Malone
UTAH
81
36.2
136
1.68
2.22
210
2.59
204
0.65
0.67
John Stockton
UTAH
82
27.7
137
1.67
2.89
182
2.22
184
0.75
0.74
Gary Payton
MIL/SEA
80
40.1
133
1.66
1.99
187
2.34
181
0.71
0.73
Tracy McGrady
ORL
75
39.4
124
1.65
2.01
195
2.60
156
0.64
0.79
Darrell Armstrong
ORL
82
28.7
135
1.65
2.76
160
1.95
167
0.84
0.81
Bonzi Wells
POR
75
31.9
123
1.64
2.46
215
2.87
220
0.57
0.56
Aaron McKie
PHI
80
29.7
131
1.64
2.65
109
1.36
177
1.20
0.74
Jerome Williams
TOR
71
33.0
116
1.63
2.37
98
1.38
197
1.18
0.59
Eric Snow
PHI
82
37.9
133
1.62
2.05
194
2.37
235
0.69
0.57
Nene Hilario
DEN
80
28.2
127
1.59
2.70
181
2.26
295
0.70
0.43
Ricky Davis
CLE
79
39.6
125
1.58
1.92
277
3.51
180
0.45
0.69
Stephen Jackson
SA
80
28.2
125
1.56
2.66
176
2.20
202
0.71
0.62
Jason Terry
ATL
81
38.0
126
1.56
1.96
249
3.07
175
0.51
0.72
Gilbert Arenas
GS
82
35.0
124
1.51
2.08
290
3.54
260
0.43
0.48
Brent Barry
SEA
75
33.1
113
1.51
2.19
142
1.89
199
0.80
0.57
Michael Jordan
WSH
82
37.0
123
1.50
1.95
173
2.11
171
0.71
0.72
David Wesley
NO
73
37.1
109
1.49
1.93
132
1.81
173
0.83
0.63
Antoine Walker
BOS
78
41.5
116
1.49
1.72
260
3.33
221
0.45
0.52
Andrei Kirilenko
UTAH
80
27.7
118
1.48
2.56
136
1.70
185
0.87
0.64
Ben Wallace
DET
73
39.4
104
1.42
1.74
88
1.21
179
1.18
0.58
Alvin Williams
TOR
78
33.8
111
1.42
2.02
128
1.64
170
0.87
0.65
Dirk Nowitzki
DAL
80
39.0
111
1.39
1.71
152
1.90
206
0.73
0.54
Latrell Sprewell
NY
74
38.6
102
1.38
1.71
172
2.32
134
0.59
0.76
Kevin Garnett
MIN
82
40.5
113
1.38
1.63
229
2.79
199
0.49
0.57
Ray Allen
MIL/SEA
76
37.9
103
1.36
1.72
198
2.61
220
0.52
0.47
Stephon Marbury
PHX
81
40.0
108
1.33
1.60
263
3.25
200
0.41
0.54
Shane Battier
MEM
78
30.6
102
1.31
2.05
68
0.87
207
1.50
0.49
Cuttino Mobley
HOU
73
41.7
95
1.30
1.50
166
2.27
185
0.57
0.51
Rashard Lewis
SEA
77
39.5
99
1.29
1.56
143
1.86
205
0.69
0.48
James Posey
DEN/HOU
83
30.3
106
1.28
2.02
144
1.73
197
0.74
0.54
