Joel Przybilla
MIL
4
0.5
0.3
0.3
1
1
1.000
1
1
1.000
2.00
1.000
Jake Voskuhl
PHX
6
6.0
2.0
2.8
12
17
.706
12
17
.706
2.12
.706
Arvydas Sabonis
POR
6
10.0
4.0
6.0
24
36
.667
24
36
.667
1.67
.667
Joe Smith
MIN
5
2.8
0.8
1.2
4
6
.667
4
6
.667
2.33
.667
Marcus Haislip
MIL
2
5.0
2.0
3.0
4
6
.667
4
6
.667
1.67
.667
Steve Kerr
SA
10
2.2
0.7
1.1
7
11
.636
2
5
.400
2.00
.864
Tyrone Hill
PHI
10
2.8
1.2
1.9
12
19
.632
12
19
.632
1.47
.632
Jerome Moiso
NO
4
5.8
2.5
4.0
10
16
.625
10
16
.625
1.44
.625
Andrew DeClercq
ORL
7
4.0
1.7
2.9
12
20
.600
12
20
.600
1.40
.600
Pat Burke
ORL
6
2.8
1.0
1.7
6
10
.600
6
10
.600
1.70
.600
Dale Davis
POR
6
7.5
2.3
4.0
14
24
.583
14
24
.583
1.88
.583
Jamaal Tinsley
IND
6
8.5
3.3
5.8
20
35
.571
12
22
.545
1.46
.686
Tony Battie
BOS
10
6.6
3.1
5.5
31
55
.564
31
52
.596
1.20
.564
Vlade Divac
SAC
12
11.4
4.3
7.6
51
91
.560
51
91
.560
1.51
.560
Slava Medvedenko
LAL
9
3.8
1.7
3.0
15
27
.556
15
27
.556
1.26
.556
Anthony Johnson
NJ
17
2.5
1.0
1.8
17
31
.548
14
25
.560
1.35
.597
Raja Bell
DAL
17
5.7
2.4
4.3
40
73
.548
34
60
.567
1.33
.589
Mark Blount
BOS
10
3.1
1.2
2.2
12
22
.545
12
22
.545
1.41
.545
Jeff Foster
IND
6
2.3
1.0
1.8
6
11
.545
6
11
.545
1.27
.545
David Robinson
SA
23
7.8
2.8
5.1
64
118
.542
64
118
.542
1.53
.542
Shaquille O'Neal
LAL
12
27.0
10.1
18.8
121
226
.535
121
226
.535
1.43
.535
Aaron McKie
PHI
12
7.8
3.2
5.9
38
71
.535
33
62
.532
1.31
.570
Kenny Thomas
PHI
12
10.6
4.5
8.4
54
101
.535
54
101
.535
1.26
.535
Marc Jackson
MIN
6
8.3
2.8
5.3
17
32
.531
17
31
.548
1.56
.531
Tim Duncan
SA
24
24.7
9.1
17.2
218
412
.529
218
405
.538
1.44
.529
Kevin Willis
SA
18
2.6
1.2
2.2
21
40
.525
20
39
.513
1.15
.538
Zach Randolph
POR
7
13.9
4.6
8.7
32
61
.525
32
61
.525
1.59
.525
Rod Strickland
MIN
6
4.7
1.8
3.5
11
21
.524
11
21
.524
1.33
.524
Amar'e Stoudemire
PHX
6
14.2
5.7
10.8
34
65
.523
33
64
.516
1.31
.531
Derek Fisher
LAL
12
12.8
4.4
8.5
53
102
.520
24
55
.436
1.50
.662
Kevin Garnett
MIN
6
27.0
11.8
23.0
71
138
.514
68
129
.527
1.17
.525
Desmond Mason
MIL
6
13.0
4.7
9.2
28
55
.509
28
51
.549
1.42
.509
Derrick Coleman
PHI
12
13.6
4.9
9.8
59
118
.500
55
108
.509
1.38
.517
Jim Jackson
SAC
12
11.3
4.1
8.2
49
98
.500
36
70
.514
1.38
.566
Rasho Nesterovic
MIN
6
7.0
3.2
6.3
19
38
.500
19
38
.500
1.11
.500
Mark Jackson
UTAH
5
7.2
3.0
6.0
15
30
.500
10
21
.476
1.20
.583
Evan Eschmeyer
DAL
5
1.2
0.6
1.2
3
6
.500
3
6
.500
1.00
.500
Tom Gugliotta
PHX
2
2.5
1.0
2.0
2
4
.500
2
4
.500
1.25
.500
Brian Scalabrine
NJ
7
0.6
0.3
0.6
2
4
.500
2
3
.667
1.00
.500
Mike Wilks
MIN
4
0.8
0.3
0.5
1
2
.500
0
1
.000
1.50
.750
