Chris Paul
LAC
62
35.0
154
2.48
3.40
145
2.34
157
1.06
0.98
Ricky Rubio
MIN
82
32.2
190
2.32
3.46
222
2.71
218
0.86
0.87
Thaddeus Young
PHI
79
34.4
167
2.11
2.95
165
2.09
213
1.01
0.78
Jimmy Butler
CHI
67
38.7
127
1.90
2.35
102
1.52
106
1.25
1.20
Paul George
IND
80
36.2
151
1.89
2.50
224
2.80
198
0.67
0.76
Michael Carter-Williams
PHI
70
34.5
130
1.86
2.58
247
3.53
213
0.53
0.61
Corey Brewer
MIN
81
32.2
150
1.85
2.76
105
1.30
210
1.43
0.71
John Wall
WSH
82
36.3
149
1.82
2.40
295
3.60
219
0.51
0.68
Paul Millsap
ATL
74
33.5
129
1.74
2.49
185
2.50
210
0.70
0.61
Kawhi Leonard
SA
66
29.1
114
1.73
2.85
80
1.21
127
1.43
0.90
Monta Ellis
DAL
82
36.9
141
1.72
2.24
264
3.22
197
0.53
0.72
Trevor Ariza
WSH
77
35.4
126
1.64
2.22
132
1.71
179
0.95
0.70
Mario Chalmers
MIA
73
29.8
119
1.63
2.62
162
2.22
210
0.73
0.57
Stephen Curry
GS
78
36.5
127
1.63
2.14
294
3.77
194
0.43
0.65
Ty Lawson
DEN
62
35.8
100
1.61
2.16
200
3.23
113
0.50
0.88
Victor Oladipo
ORL
80
31.1
129
1.61
2.49
256
3.20
210
0.50
0.61
James Harden
HOU
73
38.0
115
1.58
1.99
265
3.63
177
0.43
0.65
LeBron James
MIA
77
37.7
121
1.57
2.00
270
3.51
126
0.45
0.96
DeMarcus Cousins
SAC
71
32.4
109
1.54
2.28
251
3.54
270
0.43
0.40
Kyle Lowry
TOR
79
36.2
121
1.53
2.03
194
2.46
267
0.62
0.45
Kyrie Irving
CLE
71
35.2
108
1.52
2.08
190
2.68
163
0.57
0.66
Andre Iguodala
GS
63
32.4
95
1.51
2.24
100
1.59
103
0.95
0.92
Mike Conley
MEM
73
33.5
110
1.51
2.16
150
2.05
141
0.73
0.78
DeMarre Carroll
ATL
73
32.1
108
1.48
2.21
79
1.08
188
1.37
0.57
Deron Williams
BKN
64
32.2
93
1.45
2.17
143
2.23
148
0.65
0.63
Jodie Meeks
LAL
77
33.2
111
1.44
2.08
111
1.44
119
1.00
0.93
Gordon Hayward
UTAH
77
36.4
110
1.43
1.89
212
2.75
155
0.52
0.71
Goran Dragic
PHX
76
35.1
104
1.37
1.87
213
2.80
206
0.49
0.50
Josh Smith
DET
77
35.5
105
1.36
1.85
199
2.58
197
0.53
0.53
PJ Tucker
PHX
81
30.7
110
1.36
2.12
102
1.26
204
1.08
0.54
Anthony Davis
NO
67
35.2
89
1.33
1.81
109
1.63
200
0.82
0.45
Rudy Gay
SAC/TOR
73
34.7
95
1.30
1.80
224
3.07
171
0.42
0.56
Thabo Sefolosha
OKC
61
26.0
79
1.30
2.39
55
0.90
90
1.44
0.88
Isaiah Thomas
SAC
72
34.7
93
1.29
1.79
213
2.96
185
0.44
0.50
Kevin Durant
OKC
81
38.5
103
1.27
1.58
285
3.52
174
0.36
0.59
Brandon Jennings
DET
80
34.1
101
1.26
1.78
215
2.69
157
0.47
0.64
Gerald Wallace
BOS
58
24.4
73
1.26
2.47
97
1.67
79
0.75
0.92
Andre Drummond
DET
81
32.3
101
1.25
1.85
110
1.36
273
0.92
0.37
Draymond Green
GS
82
21.9
102
1.24
2.72
91
1.11
231
1.12
0.44
Iman Shumpert
NY
74
26.5
92
1.24
2.25
79
1.07
209
1.16
0.44
