Kyle Korver
ATL
71
12.0
2.6
6
185
392
.472
104
217
.479
1.40
.626
Pablo Prigioni
NY
66
3.8
1.0
2
65
140
.464
23
51
.451
1.32
.631
Mike Miller
MEM
82
7.1
1.3
3
107
233
.459
106
210
.505
1.31
.602
Anthony Morrow
NO
76
8.4
1.2
3
88
195
.451
150
325
.462
1.22
.542
Jose Calderon
DAL
81
11.4
2.4
5
191
425
.449
150
323
.464
1.24
.584
Jordan Farmar
LAL
41
10.1
1.7
4
70
160
.438
81
204
.397
1.14
.511
Marco Belinelli
SA
80
11.4
1.6
4
126
293
.430
211
402
.525
1.31
.576
Arron Afflalo
ORL
73
18.2
1.8
4
128
300
.427
336
711
.473
1.32
.522
Patty Mills
SA
81
10.2
1.7
4
135
318
.425
174
348
.500
1.24
.565
Stephen Curry
GS
78
24.0
3.3
8
261
615
.424
391
768
.509
1.35
.566
Klay Thompson
GS
81
18.4
2.8
7
223
535
.417
336
724
.464
1.18
.533
Spencer Hawes
CLE/PHI
80
13.2
1.6
4
128
308
.416
275
575
.478
1.19
.529
Danny Green
SA
68
9.1
1.9
5
132
318
.415
86
187
.460
1.22
.562
Khris Middleton
MIL
82
12.1
1.5
4
120
290
.414
256
564
.454
1.16
.511
Anthony Tolliver
CHA
64
6.1
1.6
4
102
247
.413
27
60
.450
1.28
.586
Richard Jefferson
UTAH
82
10.1
1.5
4
123
301
.409
171
353
.484
1.27
.544
Ryan Anderson
NO
22
19.8
3.0
7
67
164
.409
88
190
.463
1.23
.532
Goran Dragic
PHX
76
20.3
1.6
4
122
299
.408
430
794
.542
1.41
.561
Trevor Ariza
WSH
77
14.4
2.3
6
180
442
.407
209
411
.509
1.30
.562
Carmelo Anthony
NY
77
27.4
2.2
5
167
415
.402
576
1228
.469
1.29
.503
Bradley Beal
WSH
73
17.1
1.9
5
138
343
.402
343
806
.426
1.09
.479
Hollis Thompson
PHI
77
6.0
0.9
2
67
167
.401
104
205
.507
1.24
.550
Joe Johnson
BKN
79
15.8
2.1
5
162
404
.401
300
614
.489
1.22
.533
Jodie Meeks
LAL
77
15.7
2.1
5
162
404
.401
251
488
.514
1.36
.554
D.J. Augustin
CHI/TOR
71
13.1
1.9
5
133
332
.401
165
386
.427
1.30
.508
Gerald Green
PHX
82
15.8
2.5
6
204
510
.400
244
496
.492
1.29
.547
Kendall Marshall
LAL
54
8.0
1.3
3
71
178
.399
99
241
.411
1.03
.490
Dirk Nowitzki
DAL
80
21.7
1.6
4
131
329
.398
502
944
.532
1.36
.549
Avery Bradley
BOS
60
14.9
1.3
3
79
200
.395
282
625
.451
1.08
.485
Terrence Ross
TOR
81
10.9
2.0
5
161
408
.395
157
343
.458
1.17
.531
JJ Redick
LAC
35
15.2
2.1
5
73
185
.395
108
213
.507
1.34
.546
JR Smith
NY
74
14.5
2.6
6
189
480
.394
207
475
.436
1.12
.514
Caron Butler
MIL/OKC
56
10.5
1.8
4
98
249
.394
115
291
.395
1.09
.485
Vince Carter
DAL
81
11.9
1.8
5
146
371
.394
184
440
.418
1.19
.497
Damian Lillard
POR
82
20.7
2.7
7
218
554
.394
335
750
.447
1.30
.508
CJ Miles
CLE
51
9.9
1.6
4
83
211
.393
95
198
.480
1.23
.537
Wesley Matthews
POR
82
16.4
2.5
6
201
511
.393
244
498
.490
1.33
.541
Martell Webster
WSH
78
9.7
1.9
5
146
372
.392
108
215
.502
1.29
.557
Eric Gordon
NO
64
15.4
1.6
4
101
258
.391
255
559
.456
1.21
.498
Kevin Durant
OKC
81
32.0
2.4
6
192
491
.391
657
1197
.549
1.54
.560
