DeAndre Jordan
LAC
81
12.7
5.1
7.1
412
577
.714
412
575
.717
1.78
.714
Rudy Gobert
UTAH
81
14.0
5.1
7.7
413
625
.661
413
624
.662
1.82
.661
Clint Capela
HOU
65
12.6
5.6
8.7
362
563
.643
362
563
.643
1.45
.643
Dwight Howard
ATL
74
13.5
5.2
8.3
388
613
.633
388
611
.635
1.63
.633
Marcin Gortat
WSH
82
10.8
4.8
8.2
390
674
.579
390
672
.580
1.31
.579
Nikola Jokic
DEN
73
16.7
6.8
11.7
494
854
.578
449
715
.628
1.43
.605
Steven Adams
OKC
80
11.3
4.7
8.2
374
655
.571
374
654
.572
1.38
.571
Hassan Whiteside
MIA
77
17.0
7.0
12.6
542
973
.557
542
973
.557
1.35
.557
Jonas Valanciunas
TOR
80
12.0
4.9
8.8
391
702
.557
390
700
.557
1.37
.558
LeBron James
CLE
74
26.4
9.9
18.2
736
1344
.548
612
1002
.611
1.45
.594
Enes Kanter
OKC
72
14.3
5.6
10.2
402
737
.545
397
699
.568
1.40
.549
Karl-Anthony Towns
MIN
82
25.1
9.8
18.0
802
1480
.542
701
1205
.582
1.39
.576
Kevin Durant
GS
62
25.1
8.9
16.5
551
1026
.537
434
714
.608
1.52
.594
Mason Plumlee
DEN/POR
81
10.4
4.1
7.7
334
623
.536
334
617
.541
1.35
.536
Greg Monroe
MIL
81
11.7
4.8
9.0
387
725
.534
387
721
.537
1.31
.534
Andre Drummond
DET
81
13.6
6.0
11.2
483
911
.530
481
904
.532
1.21
.531
Thaddeus Young
IND
74
11.0
4.9
9.3
362
687
.527
317
569
.557
1.18
.560
Giannis Antetokounmpo
MIL
80
22.9
8.2
15.7
656
1259
.521
607
1079
.563
1.46
.541
Trevor Booker
BKN
71
10.0
4.3
8.3
305
591
.516
280
513
.546
1.20
.537
Otto Porter Jr.
WSH
80
13.4
5.2
10.0
414
803
.516
266
462
.576
1.34
.608
Taj Gibson
CHI/OKC
78
10.8
4.7
9.1
365
709
.515
362
696
.520
1.19
.517
Myles Turner
IND
81
14.5
5.5
10.7
444
869
.511
404
754
.536
1.35
.534
Anthony Davis
NO
75
28.0
10.3
20.3
770
1526
.505
730
1392
.524
1.38
.518
Maurice Harkless
POR
77
10.0
4.1
8.1
314
624
.503
246
430
.572
1.24
.558
Gary Harris
DEN
57
14.9
5.6
11.2
320
637
.502
213
382
.558
1.34
.586
Gorgui Dieng
MIN
82
10.0
4.0
8.1
332
661
.502
316
618
.511
1.23
.514
Pau Gasol
SA
64
12.4
4.7
9.4
303
604
.502
247
500
.494
1.31
.548
TJ Warren
PHX
66
14.4
6.1
12.3
403
814
.495
377
716
.527
1.17
.511
Blake Griffin
LAC
61
21.6
7.9
15.9
479
971
.493
441
858
.514
1.36
.513
Robin Lopez
CHI
81
10.4
4.7
9.6
382
775
.493
382
773
.494
1.08
.493
Jabari Parker
MIL
51
20.1
7.8
16.0
399
814
.490
334
636
.525
1.26
.530
Julius Randle
LAL
74
13.2
5.1
10.5
377
774
.487
360
711
.506
1.26
.498
Kawhi Leonard
SA
74
25.5
8.6
17.7
636
1312
.485
489
925
.529
1.44
.541
Bradley Beal
WSH
77
23.1
8.3
17.2
637
1322
.482
414
770
.538
1.35
.566
Seth Curry
DAL
70
12.8
4.8
10.0
338
703
.481
201
381
.528
1.28
.578
Tobias Harris
DET
82
16.1
6.2
13.0
511
1063
.481
402
749
.537
1.24
.532
CJ McCollum
POR
80
23.0
8.7
18.0
692
1441
.480
507
1002
.506
1.27
.544
Jon Leuer
DET
75
10.2
4.1
8.6
310
646
.480
261
479
.545
1.19
.518
Serge Ibaka
ORL/TOR
79
14.8
6.0
12.4
471
982
.480
347
665
.522
1.19
.543
James Johnson
MIA
76
12.8
4.8
10.1
368
769
.479
281
513
.548
1.27
.535
