Draymond Green
GS
76
32.5
154
2.03
2.99
184
2.42
217
0.84
0.71
John Wall
WSH
78
36.4
157
2.01
2.66
322
4.13
151
0.49
1.04
Chris Paul
LAC
61
31.5
119
1.95
2.97
147
2.41
146
0.81
0.82
Robert Covington
PHI
67
31.6
127
1.90
2.88
131
1.96
203
0.97
0.63
Jimmy Butler
CHI
76
37.0
143
1.88
2.44
159
2.09
112
0.90
1.28
Trevor Ariza
HOU
80
34.7
147
1.84
2.54
73
0.91
133
2.01
1.11
Stephen Curry
GS
79
33.4
142
1.80
2.58
238
3.01
183
0.60
0.78
Kawhi Leonard
SA
74
33.4
133
1.80
2.58
154
2.08
122
0.86
1.09
Ricky Rubio
MIN
75
32.9
128
1.71
2.49
195
2.60
202
0.66
0.63
T.J. McConnell
PHI
81
26.3
134
1.65
3.02
159
1.96
139
0.84
0.96
Giannis Antetokounmpo
MIL
80
35.6
131
1.64
2.21
234
2.93
246
0.56
0.53
Russell Westbrook
OKC
81
34.6
132
1.63
2.26
438
5.41
190
0.30
0.69
Tony Allen
MEM
71
27.0
115
1.62
2.88
100
1.41
178
1.15
0.65
Paul George
IND
75
35.9
119
1.59
2.12
220
2.93
206
0.54
0.58
Marcus Smart
BOS
79
30.4
125
1.58
2.50
159
2.01
192
0.79
0.65
Thabo Sefolosha
ATL
62
25.7
96
1.55
2.89
58
0.94
97
1.66
0.99
Andre Drummond
DET
81
29.7
124
1.53
2.47
152
1.88
237
0.82
0.52
Thaddeus Young
IND
74
30.2
113
1.53
2.42
95
1.28
135
1.19
0.84
James Harden
HOU
81
36.4
121
1.49
1.97
464
5.73
215
0.26
0.56
Jrue Holiday
NO
67
32.7
100
1.49
2.19
194
2.90
133
0.52
0.75
Kyle Lowry
TOR
60
37.4
89
1.48
1.90
173
2.88
170
0.51
0.52
Patrick Beverley
HOU
67
30.7
99
1.48
2.31
100
1.49
222
0.99
0.45
Otto Porter Jr.
WSH
80
32.6
116
1.45
2.14
44
0.55
193
2.64
0.60
Rajon Rondo
CHI
69
26.7
99
1.43
2.58
169
2.45
144
0.59
0.69
Dwyane Wade
CHI
60
29.9
86
1.43
2.30
138
2.30
112
0.62
0.77
PJ Tucker
PHX/TOR
81
27.6
116
1.43
2.49
66
0.81
196
1.76
0.59
DeMarcus Cousins
NO/SAC
72
34.2
100
1.39
1.95
269
3.74
278
0.37
0.36
D'Angelo Russell
LAL
63
28.7
87
1.38
2.31
176
2.79
130
0.49
0.67
Eric Bledsoe
PHX
66
33.0
91
1.38
2.01
224
3.39
164
0.41
0.55
Mike Conley
MEM
69
33.2
92
1.33
1.93
156
2.26
126
0.59
0.73
Paul Millsap
ATL
69
34.0
90
1.30
1.84
158
2.29
186
0.57
0.48
Larry Nance Jr.
LAL
63
22.9
82
1.30
2.73
56
0.89
149
1.46
0.55
Garrett Temple
SAC
65
26.6
84
1.29
2.33
78
1.20
141
1.08
0.60
Anthony Davis
NO
75
36.1
94
1.25
1.67
181
2.41
168
0.52
0.56
Kent Bazemore
ATL
73
26.9
91
1.25
2.23
125
1.71
165
0.73
0.55
LeBron James
CLE
74
37.8
92
1.24
1.58
303
4.09
134
0.30
0.69
Jeff Teague
IND
82
32.4
101
1.23
1.82
216
2.63
165
0.47
0.61
Goran Dragic
MIA
73
33.7
89
1.22
1.74
212
2.90
199
0.42
0.45
Andre Roberson
OKC
79
30.1
94
1.19
1.90
51
0.65
204
1.84
0.46
Manu Ginobili
SA
69
18.7
82
1.19
3.05
96
1.39
119
0.85
0.69
