Pau Gasol
SA
64
12.4
0.9
2
56
104
.538
247
500
.494
1.31
.548
Kyle Korver
ATL/CLE
67
10.1
2.4
5
162
359
.451
77
156
.494
1.32
.621
Allen Crabbe
POR
79
10.7
1.7
4
134
302
.444
169
345
.490
1.31
.572
Joe Ingles
UTAH
82
7.1
1.5
3
123
279
.441
81
172
.471
1.29
.589
Otto Porter Jr.
WSH
80
13.4
1.9
4
148
341
.434
266
462
.576
1.34
.608
JJ Redick
LAC
78
15.0
2.6
6
201
468
.429
195
422
.462
1.32
.558
Jason Terry
MIL
74
4.1
1.0
2
73
171
.427
32
72
.444
1.26
.582
Seth Curry
DAL
70
12.8
2.0
5
137
322
.425
201
381
.528
1.28
.578
CJ McCollum
POR
80
23.0
2.3
5
185
439
.421
507
1002
.506
1.27
.544
Gary Harris
DEN
57
14.9
1.9
4
107
255
.420
213
382
.558
1.34
.586
Darren Collison
SAC
68
13.2
1.1
3
73
175
.417
267
539
.495
1.26
.527
Luke Babbitt
MIA
68
4.8
1.3
3
87
210
.414
26
71
.366
1.15
.557
Klay Thompson
GS
78
22.3
3.4
8
268
647
.414
376
729
.516
1.27
.565
Patty Mills
SA
80
9.5
1.8
4
147
355
.414
126
266
.474
1.22
.558
CJ Miles
IND
76
10.7
2.2
5
169
409
.413
112
238
.471
1.26
.565
Kyle Lowry
TOR
60
22.4
3.2
8
193
468
.412
233
450
.518
1.46
.569
Joe Johnson
UTAH
78
9.2
1.4
3
106
258
.411
167
368
.454
1.14
.521
Stephen Curry
GS
79
25.3
4.1
10
324
789
.411
351
654
.537
1.39
.580
Chris Paul
LAC
61
18.1
2.0
5
124
302
.411
250
483
.518
1.41
.555
Arron Afflalo
SAC
61
8.4
1.0
2
62
151
.411
123
269
.457
1.23
.514
Channing Frye
CLE
74
9.1
1.9
5
137
335
.409
101
185
.546
1.30
.589
Jodie Meeks
ORL
36
9.1
1.6
4
56
137
.409
47
119
.395
1.28
.512
Mike Conley
MEM
69
20.5
2.5
6
171
420
.407
293
590
.497
1.40
.544
Tony Snell
MIL
80
8.5
1.8
4
144
355
.406
102
186
.548
1.26
.588
Goran Dragic
MIA
73
20.3
1.6
4
117
289
.405
417
835
.499
1.32
.527
Malcolm Brogdon
MIL
75
10.2
1.0
3
78
193
.404
212
442
.480
1.21
.518
Bradley Beal
WSH
77
23.1
2.9
7
223
552
.404
414
770
.538
1.35
.566
Nick Young
LAL
60
13.2
2.8
7
170
421
.404
102
212
.481
1.25
.564
George Hill
UTAH
49
16.9
1.9
5
94
233
.403
195
373
.523
1.37
.554
Ryan Anderson
HOU
72
13.6
2.8
7
204
506
.403
119
267
.446
1.27
.550
Courtney Lee
NY
77
10.8
1.4
3
108
269
.401
213
435
.490
1.19
.533
Kyrie Irving
CLE
72
25.2
2.5
6
177
441
.401
494
979
.505
1.28
.535
Davis Bertans
SA
67
4.5
1.0
3
69
173
.399
34
61
.557
1.29
.588
Kemba Walker
CHA
79
23.2
3.0
8
240
602
.399
403
847
.476
1.26
.527
Jae Crowder
BOS
72
13.9
2.2
5
157
394
.398
176
326
.540
1.39
.572
Gordon Hayward
UTAH
73
21.9
2.0
5
149
374
.398
396
782
.506
1.38
.536
Dion Waiters
MIA
46
15.8
1.8
5
85
215
.395
196
448
.438
1.10
.488
Paul George
IND
75
23.7
2.6
7
195
496
.393
427
852
.501
1.32
.534
Dante Cunningham
NO
66
6.6
1.1
3
71
181
.392
103
178
.579
1.21
.584
Manu Ginobili
SA
69
7.5
1.3
3
89
227
.392
82
212
.387
1.18
.491
