Chris Paul
NO
78
38.5
216
2.77
3.45
231
2.96
212
0.94
1.02
Dwyane Wade
MIA
79
38.6
173
2.19
2.72
272
3.44
178
0.64
0.97
Jason Kidd
DAL
81
35.6
160
1.98
2.66
185
2.28
168
0.86
0.95
Mario Chalmers
MIA
82
32.0
160
1.95
2.92
165
2.01
240
0.97
0.67
Rajon Rondo
BOS
80
33.0
149
1.86
2.71
209
2.61
193
0.71
0.77
Gerald Wallace
CHA
71
37.6
121
1.70
2.18
148
2.08
210
0.82
0.58
Ronnie Brewer
UTAH
81
32.2
138
1.70
2.54
110
1.36
128
1.25
1.08
LeBron James
CLE
81
37.7
137
1.69
2.15
241
2.98
139
0.57
0.99
Trevor Ariza
LAL
82
24.4
137
1.67
3.29
87
1.06
166
1.57
0.83
Andre Iguodala
PHI
82
39.9
131
1.60
1.92
222
2.71
152
0.59
0.86
Raymond Felton
CHA
82
37.6
126
1.54
1.96
228
2.78
191
0.55
0.66
Kobe Bryant
LAL
82
36.1
120
1.46
1.95
210
2.56
189
0.57
0.63
Rafer Alston
HOU/ORL
77
31.8
108
1.40
2.12
140
1.82
135
0.77
0.80
Russell Westbrook
OKC
82
32.5
110
1.34
1.98
274
3.34
191
0.40
0.58
Thaddeus Young
PHI
75
34.4
100
1.33
1.86
118
1.57
165
0.85
0.61
Andre Miller
PHI
82
36.3
109
1.33
1.76
199
2.43
196
0.55
0.56
Jason Terry
DAL
74
33.7
97
1.31
1.87
119
1.61
141
0.82
0.69
Kevin Durant
OKC
74
39.0
96
1.30
1.60
225
3.04
134
0.43
0.72
Nate Robinson
NY
74
29.9
95
1.28
2.06
139
1.88
206
0.68
0.46
Luke Ridnour
MIL
72
28.2
92
1.28
2.17
128
1.78
200
0.72
0.46
Anthony Parker
TOR
80
33.0
100
1.25
1.82
114
1.43
145
0.88
0.69
C.J. Watson
GS
77
24.5
96
1.25
2.45
92
1.19
137
1.04
0.70
Mike Bibby
ATL
79
34.7
98
1.24
1.72
128
1.62
145
0.77
0.68
Rudy Gay
MEM
79
37.3
98
1.24
1.60
203
2.57
221
0.48
0.44
Nene Hilario
DEN
77
32.6
95
1.23
1.82
147
1.91
278
0.65
0.34
Anthony Carter
DEN
78
22.9
96
1.23
2.58
155
1.99
142
0.62
0.68
Al Harrington
GS/NY
73
34.9
88
1.21
1.66
161
2.21
227
0.55
0.39
T.J. Ford
IND
74
30.5
89
1.20
1.89
180
2.43
180
0.49
0.49
Chauncey Billups
DEN/DET
79
35.3
93
1.18
1.60
177
2.24
161
0.53
0.58
Antawn Jamison
WSH
81
38.2
95
1.17
1.47
125
1.54
218
0.76
0.44
Leandro Barbosa
PHX
70
24.4
82
1.17
2.31
93
1.33
115
0.88
0.71
Derek Fisher
LAL
82
29.8
95
1.16
1.87
72
0.88
187
1.32
0.51
Tyrus Thomas
CHI
79
27.5
91
1.15
2.01
129
1.63
220
0.71
0.41
Brandon Roy
POR
78
37.2
88
1.13
1.46
152
1.95
127
0.58
0.69
O.J. Mayo
MEM
82
38.0
91
1.11
1.40
226
2.76
204
0.40
0.45
Beno Udrih
SAC
73
31.1
81
1.11
1.71
158
2.16
192
0.51
0.42
Ronald Murray
ATL
80
24.7
88
1.10
2.14
128
1.60
173
0.69
0.51
Grant Hill
PHX
82
29.8
90
1.10
1.77
126
1.54
182
0.71
0.49
Mike Conley
MEM
82
30.6
90
1.10
1.72
143
1.74
146
0.63
0.62
Jamario Moon
MIA/TOR
80
25.9
86
1.08
2.00
43
0.54
133
2.00
0.65
