Anthony Morrow
GS
67
10.1
1.3
3
86
184
.467
169
350
.483
1.27
.558
Jameer Nelson
ORL
42
16.7
2.0
4
82
181
.453
185
350
.529
1.32
.580
Troy Murphy
IND
73
14.3
2.2
5
161
358
.450
203
409
.496
1.36
.580
Kelenna Azubuike
GS
74
14.4
1.3
3
94
210
.448
298
635
.469
1.26
.520
Bobby Simmons
NJ
71
7.8
1.6
4
117
262
.447
81
179
.453
1.26
.582
Mehmet Okur
UTAH
72
17.0
1.3
3
90
202
.446
341
686
.497
1.38
.536
Eddie House
BOS
81
8.5
1.9
4
151
340
.444
98
220
.445
1.23
.579
Matt Bonner
SA
81
8.2
1.5
3
118
268
.440
148
268
.552
1.24
.606
Steve Nash
PHX
74
15.7
1.5
3
108
246
.439
320
605
.529
1.36
.566
D.J. Augustin
CHA
72
11.8
1.5
3
108
246
.439
159
375
.424
1.37
.517
Mo Williams
CLE
81
17.8
2.3
5
183
420
.436
343
706
.486
1.28
.548
Jason Kapono
TOR
80
8.2
1.2
3
98
229
.428
163
375
.435
1.08
.513
Steve Blake
POR
69
11.0
2.0
5
140
328
.427
137
319
.429
1.17
.536
Kevin Durant
OKC
74
25.3
1.3
3
97
230
.422
564
1160
.486
1.35
.510
Roger Mason Jr.
SA
82
11.8
2.0
5
166
394
.421
183
428
.428
1.18
.526
Keyon Dooling
NJ
77
9.7
1.3
3
99
235
.421
162
363
.446
1.25
.519
Raja Bell
PHX/CHA
67
11.9
1.7
4
114
271
.421
185
413
.448
1.17
.520
John Salmons
CHI/SAC
79
18.3
1.6
4
126
302
.417
390
791
.493
1.32
.530
Steve Novak
LAC
71
6.9
1.7
4
119
286
.416
57
110
.518
1.24
.595
Kevin Martin
SAC
51
24.6
2.3
5
115
277
.415
226
534
.423
1.55
.491
Boris Diaw
PHX/CHA
81
13.2
0.9
2
75
181
.414
373
703
.531
1.21
.549
Tim Thomas
CHI/LAC/NY
64
8.5
1.2
3
78
189
.413
111
249
.446
1.24
.521
Wally Szczerbiak
CLE
74
7.0
0.9
2
69
168
.411
110
230
.478
1.30
.536
Michael Finley
SA
81
9.7
1.6
4
131
319
.411
170
370
.459
1.14
.532
Ben Gordon
CHI
82
20.7
2.1
5
173
422
.410
425
893
.476
1.29
.521
Ray Allen
BOS
79
18.2
2.5
6
199
486
.409
300
554
.542
1.38
.575
Andrea Bargnani
TOR
78
15.4
1.5
4
119
291
.409
312
667
.468
1.25
.512
Chris Quinn
MIA
66
5.1
0.8
2
56
137
.409
62
152
.408
1.17
.505
Kirk Hinrich
CHI
51
9.9
1.4
3
69
169
.408
114
250
.456
1.20
.519
Chauncey Billups
DEN/DET
79
17.7
2.1
5
162
397
.408
248
583
.425
1.43
.501
Jose Calderon
TOR
68
12.8
1.2
3
82
202
.406
238
442
.538
1.36
.561
Jason Kidd
DAL
81
9.0
1.6
4
131
323
.406
126
295
.427
1.18
.522
Mike Conley
MEM
82
10.9
1.1
3
88
217
.406
235
513
.458
1.23
.503
Danny Granger
IND
67
25.8
2.7
7
182
450
.404
389
827
.470
1.35
.518
Courtney Lee
ORL
77
8.4
1.1
3
82
203
.404
161
337
.478
1.20
.526
Vladimir Radmanovic
LAL/CHA
78
6.9
1.3
3
105
262
.401
91
204
.446
1.16
.533
Rudy Fernandez
POR
78
10.4
2.0
5
159
398
.399
109
232
.470
1.29
.552
Metta World Peace
HOU
69
17.1
2.2
6
153
383
.399
263
654
.402
1.14
.475
Delonte West
CLE
64
11.7
1.4
4
91
228
.399
194
396
.490
1.20
.530
Andres Nocioni
CHI/SAC
76
11.4
1.6
4
124
311
.399
175
390
.449
1.24
.515
