Jamario Moon
MIA
3
4.0
1.7
1.7
5
5
1.000
3
3
1.000
2.40
1.200
Tyronn Lue
ORL
1
5.0
2.0
2.0
2
2
1.000
1
1
1.000
2.50
1.250
Amir Johnson
DET
3
0.7
0.3
0.3
1
1
1.000
1
1
1.000
2.00
1.000
Theo Ratliff
PHI
6
3.3
1.5
1.8
9
11
.818
9
11
.818
1.82
.818
Joel Anthony
MIA
6
1.7
0.7
0.8
4
5
.800
4
5
.800
2.00
.800
Anthony Roberson
CHI
1
8.0
3.0
4.0
3
4
.750
1
2
.500
2.00
1.000
Fabricio Oberto
SA
2
6.0
2.0
3.0
4
6
.667
4
6
.667
2.00
.667
Othello Hunter
ATL
4
1.0
0.5
0.8
2
3
.667
2
3
.667
1.33
.667
Marcin Gortat
ORL
24
3.3
1.4
2.2
34
52
.654
34
52
.654
1.50
.654
Samuel Dalembert
PHI
6
5.8
2.7
4.2
16
25
.640
16
25
.640
1.40
.640
Chris Andersen
DEN
15
6.5
2.3
3.6
34
54
.630
34
53
.642
1.80
.630
Ben Wallace
CLE
14
1.1
0.6
0.9
8
13
.615
8
13
.615
1.23
.615
Erick Dampier
DAL
10
5.7
2.2
3.6
22
36
.611
22
36
.611
1.58
.611
Dwight Howard
ORL
23
20.3
7.0
11.7
161
268
.601
161
266
.605
1.74
.601
Pau Gasol
LAL
23
18.3
7.0
12.0
160
276
.580
160
276
.580
1.52
.580
Kendrick Perkins
BOS
14
11.9
5.2
9.1
73
127
.575
73
126
.579
1.31
.575
Ryan Hollins
DAL
9
2.4
0.9
1.6
8
14
.571
8
14
.571
1.57
.571
Carl Landry
HOU
13
7.5
3.0
5.4
39
70
.557
39
68
.574
1.39
.557
Joel Przybilla
POR
6
3.8
1.7
3.0
10
18
.556
10
18
.556
1.28
.556
Nicolas Batum
POR
6
2.0
0.8
1.5
5
9
.556
3
5
.600
1.33
.667
Brandon Bass
DAL
10
9.4
3.3
6.0
33
60
.550
33
60
.550
1.57
.550
Jermaine O'Neal
MIA
6
13.3
4.7
8.5
28
51
.549
28
51
.549
1.57
.549
Nene Hilario
DEN
16
11.5
4.3
7.9
69
126
.548
69
126
.548
1.46
.548
Tony Parker
SA
5
28.6
11.8
21.6
59
108
.546
56
94
.596
1.32
.560
Yao Ming
HOU
9
17.1
6.0
11.0
54
99
.545
54
99
.545
1.56
.545
Udonis Haslem
MIA
7
8.4
3.6
6.6
25
46
.543
25
46
.543
1.28
.543
Bruce Bowen
SA
5
4.2
1.4
2.6
7
13
.538
2
4
.500
1.62
.731
Tim Duncan
SA
5
19.8
8.2
15.4
41
77
.532
41
77
.532
1.29
.532
James Jones
MIA
7
9.6
2.4
4.6
17
32
.531
6
10
.600
2.09
.703
Carlos Boozer
UTAH
5
20.6
7.6
14.4
38
72
.528
38
72
.528
1.43
.528
Lamar Odom
LAL
23
12.3
4.7
9.0
108
206
.524
90
171
.526
1.37
.568
Greg Oden
POR
6
5.0
1.8
3.5
11
21
.524
11
21
.524
1.43
.524
Antonio McDyess
DET
4
13.0
5.8
11.0
23
44
.523
23
44
.523
1.18
.523
Eddie House
BOS
14
7.7
2.9
5.5
40
77
.519
22
40
.550
1.40
.636
Dirk Nowitzki
DAL
10
26.8
8.8
17.0
88
170
.518
82
149
.550
1.58
.535
Paul Millsap
UTAH
5
11.8
5.0
9.8
25
49
.510
25
49
.510
1.20
.510
Joakim Noah
CHI
7
10.1
3.7
7.3
26
51
.510
26
51
.510
1.39
.510
LeBron James
CLE
14
35.3
11.4
22.3
159
312
.510
132
231
.571
1.58
.553
Anderson Varejao
CLE
14
6.9
2.9
5.9
41
82
.500
41
82
.500
1.18
.500
Matt Harpring
UTAH
5
4.8
2.2
4.4
11
22
.500
11
21
.524
1.09
.500
