DeAndre Jordan
LAC
82
11.5
4.6
6.5
379
534
.710
378
530
.713
1.77
.711
Jonas Valanciunas
TOR
80
12.0
4.7
8.2
373
652
.572
373
651
.573
1.48
.572
Marcin Gortat
WSH
82
12.2
5.4
9.5
439
775
.566
439
772
.569
1.29
.566
Timofey Mozgov
CLE/DEN
81
9.7
3.9
7.0
314
566
.555
312
560
.557
1.39
.557
Tyler Zeller
BOS
82
10.2
4.1
7.5
340
619
.549
340
619
.549
1.35
.549
Al Horford
ATL
76
15.2
6.8
12.7
519
965
.538
508
929
.547
1.20
.544
Anthony Davis
NO
68
24.4
9.4
17.6
642
1199
.535
641
1187
.540
1.38
.536
Derrick Favors
UTAH
74
16.0
6.5
12.4
482
918
.525
481
912
.527
1.29
.526
Nikola Vucevic
ORL
74
19.3
8.5
16.3
631
1206
.523
629
1200
.524
1.18
.524
Enes Kanter
OKC/UTAH
75
15.5
6.4
12.4
482
928
.519
466
883
.528
1.25
.528
Andre Drummond
DET
82
13.8
6.0
11.7
494
961
.514
494
959
.515
1.18
.514
Brook Lopez
BKN
72
17.2
7.0
13.7
506
987
.513
505
977
.517
1.25
.513
Tim Duncan
SA
77
13.9
5.4
10.6
419
819
.512
417
812
.514
1.31
.513
Nene Hilario
WSH
67
11.0
4.6
9.0
307
601
.511
306
596
.513
1.23
.512
Kenneth Faried
DEN
75
12.6
5.0
9.8
373
736
.507
372
728
.511
1.29
.507
Donatas Motiejunas
HOU
71
12.0
5.0
9.9
353
700
.504
304
567
.536
1.22
.539
Brandon Bass
BOS
82
10.6
4.2
8.3
344
683
.504
335
651
.515
1.27
.510
Blake Griffin
LAC
67
21.9
8.6
17.1
574
1144
.502
564
1119
.504
1.28
.506
Goran Dragic
MIA/PHX
78
16.3
6.4
12.8
502
1002
.501
412
743
.555
1.27
.546
Carlos Boozer
LAL
71
11.8
5.2
10.5
371
743
.499
371
743
.499
1.13
.499
Greg Monroe
DET
69
15.9
6.1
12.4
423
853
.496
423
853
.496
1.29
.496
Marc Gasol
MEM
81
17.4
6.5
13.2
530
1072
.494
527
1055
.500
1.32
.496
Pau Gasol
CHI
78
18.5
7.3
14.8
570
1153
.494
558
1127
.495
1.25
.500
Marreese Speights
GS
76
10.4
4.2
8.5
318
646
.492
313
628
.498
1.22
.496
Giannis Antetokounmpo
MIL
81
12.7
4.7
9.6
383
780
.491
376
736
.511
1.32
.496
LeBron James
CLE
69
25.3
9.0
18.5
624
1279
.488
504
940
.536
1.36
.535
Zach Randolph
MEM
71
16.1
6.4
13.1
454
932
.487
447
912
.490
1.23
.491
DeMarre Carroll
ATL
70
12.6
4.5
9.3
318
653
.487
198
349
.567
1.35
.579
Stephen Curry
GS
80
23.8
8.2
16.8
653
1341
.487
367
695
.528
1.42
.594
Tony Parker
SA
68
14.4
5.9
12.2
404
832
.486
366
743
.493
1.17
.508
Chris Paul
LAC
82
19.1
6.9
14.3
568
1170
.485
429
821
.523
1.34
.545
Harrison Barnes
GS
82
10.1
3.9
8.0
316
656
.482
229
441
.519
1.26
.548
Al Jefferson
CHA
65
16.6
7.5
15.5
486
1010
.481
484
1005
.482
1.07
.482
Kawhi Leonard
SA
64
16.5
6.2
12.8
394
822
.479
327
630
.519
1.29
.520
JJ Redick
LAC
78
16.4
5.7
12.0
447
938
.477
247
480
.515
1.36
.583
Paul Millsap
ATL
73
16.7
6.1
12.7
443
930
.476
366
714
.513
1.31
.518
Serge Ibaka
OKC
64
14.3
5.8
12.3
374
786
.476
297
581
.511
1.17
.525
David West
IND
66
11.7
4.9
10.4
323
686
.471
319
666
.479
1.12
.474
Dwyane Wade
MIA
62
21.5
8.2
17.5
509
1084
.470
480
982
.489
1.23
.483
Luol Deng
MIA
72
14.0
5.1
10.9
369
787
.469
291
567
.513
1.28
.518
