Kawhi Leonard
SA
64
31.8
148
2.31
3.49
97
1.52
128
1.53
1.16
Russell Westbrook
OKC
67
34.4
140
2.09
2.92
293
4.37
184
0.48
0.76
Tony Allen
MEM
63
26.2
129
2.05
3.76
86
1.37
166
1.50
0.78
Stephen Curry
GS
80
32.7
163
2.04
2.99
249
3.11
158
0.65
1.03
Chris Paul
LAC
82
34.8
156
1.90
2.62
190
2.32
203
0.82
0.77
James Harden
HOU
81
36.8
154
1.90
2.48
321
3.96
208
0.48
0.74
Trevor Ariza
HOU
82
35.7
152
1.85
2.49
141
1.72
186
1.08
0.82
Monta Ellis
DAL
80
33.7
148
1.85
2.63
198
2.48
197
0.75
0.75
Paul Millsap
ATL
73
32.7
130
1.78
2.61
166
2.27
201
0.78
0.65
Nerlens Noel
PHI
75
30.8
133
1.77
2.76
146
1.95
208
0.91
0.64
Jimmy Butler
CHI
65
38.7
114
1.75
2.18
93
1.43
108
1.23
1.06
John Wall
WSH
79
35.9
138
1.75
2.33
304
3.85
180
0.45
0.77
Elfrid Payton
ORL
82
30.4
142
1.73
2.74
203
2.48
193
0.70
0.74
Jeff Teague
ATL
73
30.5
125
1.71
2.69
205
2.81
139
0.61
0.90
Michael Carter-Williams
MIL/PHI
66
32.6
111
1.68
2.48
253
3.83
167
0.44
0.66
Victor Oladipo
ORL
72
35.7
120
1.67
2.24
204
2.83
187
0.59
0.64
Thaddeus Young
MIN/BKN
76
32.0
124
1.63
2.45
117
1.54
171
1.06
0.73
LeBron James
CLE
69
36.1
109
1.58
2.10
272
3.94
135
0.40
0.81
Eric Bledsoe
PHX
81
34.6
127
1.57
2.18
274
3.38
189
0.46
0.67
Kyle Lowry
TOR
70
34.5
109
1.56
2.17
173
2.47
212
0.63
0.51
Draymond Green
GS
79
31.5
123
1.56
2.37
133
1.68
253
0.92
0.49
Khris Middleton
MIL
79
30.1
122
1.54
2.46
113
1.43
183
1.08
0.67
DeMarcus Cousins
SAC
59
34.1
90
1.53
2.15
254
4.31
241
0.35
0.37
Mario Chalmers
MIA
80
29.6
122
1.53
2.47
173
2.16
251
0.71
0.49
Kyrie Irving
CLE
75
36.4
114
1.52
2.00
186
2.48
146
0.61
0.78
Marcus Smart
BOS
67
27.0
99
1.48
2.63
90
1.34
176
1.10
0.56
Anthony Davis
NO
68
36.1
100
1.47
1.96
95
1.40
141
1.05
0.71
Kemba Walker
CHA
62
34.2
89
1.44
2.02
100
1.61
92
0.89
0.97
Brandon Knight
MIL/PHX
63
32.3
90
1.43
2.12
189
3.00
114
0.48
0.79
Corey Brewer
HOU/MIN
80
26.1
114
1.43
2.62
131
1.64
173
0.87
0.66
Gordon Hayward
UTAH
76
34.4
108
1.42
1.98
206
2.71
131
0.52
0.82
Robert Covington
PHI
70
27.9
97
1.39
2.38
128
1.83
189
0.76
0.51
PJ Tucker
PHX
78
30.6
107
1.37
2.16
96
1.23
179
1.11
0.60
DeMarre Carroll
ATL
70
31.3
94
1.34
2.06
75
1.07
154
1.25
0.61
Rajon Rondo
BOS/DAL
68
29.7
91
1.34
2.16
210
3.09
153
0.43
0.59
Iman Shumpert
CLE/NY
62
24.9
81
1.31
2.52
91
1.47
138
0.89
0.59
Wesley Matthews
POR
60
33.7
77
1.28
1.83
81
1.35
132
0.95
0.58
Mike Conley
MEM
70
31.8
89
1.27
1.92
156
2.23
139
0.57
0.64
Tyreke Evans
NO
79
34.1
100
1.27
1.78
246
3.11
198
0.41
0.51
Danny Green
SA
81
28.5
101
1.25
2.10
93
1.15
163
1.09
0.62
