Luke Babbitt
NO
63
4.1
0.9
2
59
115
.513
33
77
.429
1.33
.633
Kyle Korver
ATL
75
12.1
2.9
6
221
449
.492
71
151
.470
1.52
.671
Eric Gordon
NO
61
13.4
2.3
5
141
315
.448
144
379
.380
1.18
.512
Stephen Curry
GS
80
23.8
3.6
8
286
646
.443
367
695
.528
1.42
.594
Klay Thompson
GS
77
21.7
3.1
7
239
545
.439
363
754
.481
1.28
.555
JJ Redick
LAC
78
16.4
2.6
6
200
458
.437
247
480
.515
1.36
.583
Anthony Morrow
OKC
74
10.7
1.9
4
141
325
.434
144
290
.497
1.28
.578
Hedo Turkoglu
LAC
62
3.7
1.0
2
60
139
.432
23
49
.469
1.23
.601
Richard Jefferson
DAL
74
5.8
0.9
2
66
155
.426
78
169
.462
1.33
.546
Danny Green
SA
81
11.7
2.4
6
191
457
.418
131
281
.466
1.28
.566
Jose Calderon
NY
42
9.1
1.4
3
59
142
.415
88
212
.415
1.08
.499
Kyrie Irving
CLE
75
21.7
2.1
5
157
378
.415
421
857
.491
1.32
.532
Bradley Beal
WSH
63
15.3
1.7
4
106
259
.409
257
592
.434
1.13
.489
Matthew Dellavedova
CLE
67
4.8
1.0
2
68
167
.407
43
140
.307
1.04
.472
Mike Dunleavy
CHI
63
9.4
1.7
4
107
263
.407
102
218
.468
1.24
.546
Khris Middleton
MIL
79
13.4
1.4
3
109
268
.407
297
601
.494
1.21
.530
Damjan Rudez
IND
68
4.8
1.0
3
69
170
.406
50
93
.538
1.23
.584
Harrison Barnes
GS
82
10.1
1.1
3
87
215
.405
229
441
.519
1.26
.548
Kevin Durant
OKC
27
25.4
2.4
6
64
159
.403
174
308
.565
1.47
.578
Courtney Lee
MEM
77
10.1
1.2
3
90
224
.402
198
419
.473
1.21
.518
Hollis Thompson
PHI
71
8.8
1.6
4
115
287
.401
109
256
.426
1.15
.518
C.J. Watson
IND
57
10.0
1.2
3
70
175
.400
111
242
.459
1.37
.518
Kyle Singler
DET/OKC
80
6.0
1.2
3
96
241
.398
76
205
.371
1.08
.493
Chris Paul
LAC
82
19.1
1.7
4
139
349
.398
429
821
.523
1.34
.545
CJ McCollum
POR
62
6.8
0.9
2
55
139
.396
104
226
.460
1.16
.511
DeMarre Carroll
ATL
70
12.6
1.7
4
120
304
.395
198
349
.567
1.35
.579
Channing Frye
ORL
75
7.3
1.8
5
136
346
.393
55
141
.390
1.13
.532
Kevin Martin
MIN
39
20.0
1.9
5
75
191
.393
192
434
.442
1.25
.487
Jason Terry
HOU
77
7.0
1.6
4
126
323
.390
62
123
.504
1.21
.563
Rodney Stuckey
IND
71
12.6
0.8
2
55
141
.390
277
613
.452
1.19
.477
Ersan Ilyasova
MIL
58
11.5
1.3
3
74
190
.389
189
367
.515
1.20
.539
Paul Pierce
WSH
73
11.9
1.6
4
118
303
.389
175
353
.496
1.32
.537
Brandon Knight
MIL/PHX
63
17.0
2.0
5
125
321
.389
250
567
.441
1.20
.493
Wesley Matthews
POR
60
15.9
2.9
7
173
445
.389
164
307
.534
1.27
.563
Rasual Butler
WSH
75
7.7
1.2
3
91
235
.387
127
282
.450
1.12
.510
Aaron Brooks
CHI
82
11.6
1.5
4
121
313
.387
223
504
.442
1.17
.495
Mike Conley
MEM
70
15.8
1.5
4
107
277
.386
286
605
.473
1.26
.506
Jared Dudley
MIL
72
7.2
1.0
3
74
192
.385
124
231
.537
1.22
.556
JR Smith
CLE/NY
70
12.1
2.3
6
163
426
.383
152
329
.462
1.12
.525
Chandler Parsons
DAL
66
15.7
2.0
5
132
347
.380
251
482
.521
1.25
.542
