Allen Iverson
PHI
60
43.7
168
2.80
3.08
237
3.95
102
0.71
1.65
Metta World Peace
CHI/IND
55
29.9
141
2.56
4.12
118
2.15
217
1.19
0.65
Jason Kidd
NJ
82
37.3
175
2.13
2.75
286
3.49
136
0.61
1.29
Baron Davis
CHA
82
40.5
172
2.10
2.49
246
3.00
241
0.70
0.71
Doug Christie
SAC
81
34.5
160
1.98
2.74
164
2.02
209
0.98
0.77
Darrell Armstrong
ORL
82
33.3
157
1.91
2.76
175
2.13
166
0.90
0.95
Karl Malone
UTAH
80
38.0
152
1.90
2.40
263
3.29
229
0.58
0.66
Paul Pierce
BOS
82
40.3
154
1.88
2.24
241
2.94
237
0.64
0.65
Kenny Anderson
BOS
76
32.0
141
1.86
2.79
119
1.57
210
1.18
0.67
John Stockton
UTAH
82
31.3
152
1.85
2.84
208
2.54
209
0.73
0.73
Jason Terry
ATL
78
38.0
144
1.85
2.33
181
2.32
156
0.80
0.92
Shawn Marion
PHX
81
38.4
149
1.84
2.30
144
1.78
214
1.03
0.70
Brent Barry
SEA
81
37.5
147
1.81
2.32
165
2.04
182
0.89
0.81
Ben Wallace
DET
80
36.5
138
1.73
2.27
70
0.88
178
1.97
0.78
Jamaal Tinsley
IND
80
30.5
138
1.73
2.71
270
3.38
248
0.51
0.56
Alvin Williams
TOR
82
35.7
135
1.65
2.21
150
1.83
191
0.90
0.71
Gary Payton
SEA
82
40.3
131
1.60
1.90
209
2.55
179
0.63
0.73
Kerry Kittles
NJ
82
31.7
130
1.59
2.40
109
1.33
108
1.19
1.20
Tracy McGrady
ORL
76
38.3
119
1.57
1.96
189
2.49
139
0.63
0.86
James Posey
DEN
73
30.7
114
1.56
2.45
127
1.74
224
0.90
0.51
Andre Miller
CLE
81
37.3
126
1.56
2.00
245
3.02
228
0.51
0.55
Shane Battier
MEM
78
39.7
121
1.55
1.88
155
1.99
215
0.78
0.56
Larry Hughes
GS
73
28.1
113
1.55
2.65
171
2.34
150
0.66
0.75
Bonzi Wells
POR
74
31.7
113
1.53
2.31
191
2.58
208
0.59
0.54
Penny Hardaway
PHX
80
30.8
122
1.53
2.38
189
2.36
184
0.65
0.66
Antoine Walker
BOS
81
42.0
122
1.51
1.72
251
3.10
237
0.49
0.51
Kobe Bryant
LAL
80
38.3
118
1.48
1.85
223
2.79
228
0.53
0.52
Cuttino Mobley
HOU
74
42.1
109
1.47
1.68
180
2.43
189
0.61
0.58
Rashard Lewis
SEA
71
36.4
104
1.46
1.93
97
1.37
174
1.07
0.60
Eddie Jones
MIA
81
39.0
117
1.44
1.78
148
1.83
258
0.79
0.45
Andrei Kirilenko
UTAH
82
26.2
116
1.41
2.59
108
1.32
156
1.07
0.74
Jason Richardson
GS
80
32.9
106
1.33
1.94
160
2.00
195
0.66
0.54
Rasheed Wallace
POR
79
37.5
101
1.28
1.64
131
1.66
212
0.77
0.48
Shareef Abdur-Rahim
ATL
77
38.7
98
1.27
1.58
250
3.25
214
0.39
0.46
Kenyon Martin
NJ
73
34.3
90
1.23
1.73
172
2.36
261
0.52
0.34
Sam Cassell
MIL
74
35.2
90
1.22
1.66
177
2.39
208
0.51
0.43
Travis Best
CHI/IND
74
23.6
89
1.20
2.45
99
1.34
173
0.90
0.51
Kevin Garnett
MIN
81
39.2
96
1.19
1.45
229
2.83
184
0.42
0.52
Kenny Thomas
HOU
72
34.5
85
1.18
1.64
143
1.99
195
0.59
0.44
Latrell Sprewell
NY
81
41.1
94
1.16
1.36
223
2.75
161
0.42
0.58
