Shaquille O'Neal
LAL
67
27.2
10.6
18.3
712
1229
.579
712
1228
.580
1.48
.579
Elton Brand
LAC
80
18.2
6.7
12.6
532
1010
.527
532
1010
.527
1.44
.527
Donyell Marshall
UTAH
58
14.8
5.9
11.4
343
661
.519
330
619
.533
1.30
.529
Pau Gasol
MEM
82
17.6
6.7
13.0
551
1064
.518
550
1059
.519
1.35
.518
John Stockton
UTAH
82
13.4
4.9
9.5
401
775
.517
376
697
.539
1.42
.534
Alonzo Mourning
MIA
75
15.7
6.0
11.5
447
866
.516
446
863
.517
1.36
.517
Ruben Patterson
POR
75
11.2
4.3
8.3
319
619
.515
310
583
.532
1.36
.523
Corliss Williamson
DET
78
13.6
5.3
10.3
411
806
.510
410
801
.512
1.32
.511
Tim Duncan
SA
82
25.5
9.3
18.3
764
1504
.508
763
1494
.511
1.39
.508
Brent Barry
SEA
81
14.4
5.0
9.8
401
790
.508
237
403
.588
1.47
.611
Wally Szczerbiak
MIN
82
18.7
7.4
14.6
609
1200
.508
522
1009
.517
1.28
.544
David Robinson
SA
78
12.2
4.4
8.6
341
672
.507
341
672
.507
1.42
.507
Anthony Mason
MIL
82
9.6
3.9
7.6
316
626
.505
315
625
.504
1.26
.506
Dikembe Mutombo
PHI
80
11.5
4.0
8.0
321
641
.501
321
641
.501
1.44
.501
Brad Miller
CHI/IND
76
13.6
4.8
9.6
366
733
.499
363
726
.500
1.41
.501
Chris Webber
SAC
54
24.5
9.9
19.9
532
1075
.495
527
1056
.499
1.23
.497
Wesley Person
CLE
78
15.1
6.0
12.1
467
944
.495
324
622
.521
1.25
.570
Kurt Thomas
NY
82
13.9
5.6
11.4
463
938
.494
462
932
.496
1.22
.494
Rasho Nesterovic
MIN
82
8.4
4.0
8.0
324
657
.493
324
656
.494
1.05
.493
Keon Clark
TOR
81
11.3
4.7
9.6
380
775
.490
380
770
.494
1.18
.490
Vin Baker
SEA
55
14.1
5.7
11.8
315
649
.485
314
641
.490
1.19
.486
Peja Stojakovic
SAC
71
21.2
7.7
15.9
547
1130
.484
418
820
.510
1.33
.541
Elden Campbell
CHA
77
13.9
5.0
10.3
384
794
.484
384
792
.485
1.35
.484
Lee Nailon
CHA
79
10.8
4.7
9.7
369
764
.483
368
762
.483
1.11
.484
Steve Nash
DAL
82
17.9
6.4
13.3
525
1088
.483
369
745
.495
1.35
.554
Ricky Davis
CLE
82
11.7
4.6
9.5
376
781
.481
365
746
.489
1.23
.488
Darius Miles
LAC
82
9.5
3.8
7.8
309
642
.481
306
623
.491
1.21
.484
Jermaine O'Neal
IND
72
19.0
7.5
15.7
543
1133
.479
542
1119
.484
1.21
.480
Kenny Thomas
HOU
72
14.1
5.5
11.5
396
829
.478
396
813
.487
1.22
.478
Dirk Nowitzki
DAL
76
23.4
7.9
16.6
600
1258
.477
461
908
.508
1.41
.532
Vlade Divac
SAC
80
11.1
4.2
9.0
338
716
.472
335
703
.477
1.24
.474
Rodney Rogers
BOS/PHX
77
11.9
4.6
9.8
356
756
.471
268
521
.514
1.21
.529
Kevin Garnett
MIN
81
21.2
8.1
17.3
659
1401
.470
622
1285
.484
1.22
.484
Kobe Bryant
LAL
80
25.2
9.4
20.0
749
1597
.469
716
1465
.489
1.26
.479
Shawn Marion
PHX
81
19.1
8.1
17.2
654
1395
.469
606
1273
.476
1.11
.486
Bonzi Wells
POR
74
17.0
6.6
14.0
487
1039
.469
421
867
.486
1.21
.500
Rasheed Wallace
POR
79
19.3
7.6
16.3
603
1287
.469
489
970
.504
1.18
.513
Rashard Lewis
SEA
71
16.8
6.4
13.7
455
972
.468
332
656
.506
1.23
.531
Glenn Robinson
MIL
66
20.7
8.1
17.4
536
1147
.467
478
969
.493
1.19
.493
Gary Payton
SEA
82
22.1
9.0
19.2
737
1578
.467
663
1342
.494
1.15
.490
