Steve Smith
SA
77
11.6
1.5
3
116
246
.472
194
436
.445
1.31
.540
Jon Barry
DET
82
9.0
1.5
3
121
258
.469
134
264
.508
1.42
.604
Eric Piatkowski
LAC
71
8.8
1.6
3
111
238
.466
96
233
.412
1.33
.557
Wally Szczerbiak
MIN
82
18.7
1.1
2
87
191
.455
522
1009
.517
1.28
.544
Steve Nash
DAL
82
17.9
1.9
4
156
343
.455
369
745
.495
1.35
.554
Hubert Davis
WSH
51
7.2
1.1
2
57
126
.452
89
200
.445
1.12
.535
Tyronn Lue
WSH
71
7.8
0.9
2
63
141
.447
159
379
.420
1.07
.488
Michael Redd
MIL
67
11.4
1.3
3
88
198
.444
206
411
.501
1.26
.555
Wesley Person
CLE
78
15.1
1.8
4
143
322
.444
324
622
.521
1.25
.570
Ray Allen
MIL
69
21.8
3.3
8
229
528
.434
301
620
.485
1.31
.561
Pat Garrity
ORL
80
11.1
2.1
5
169
396
.427
158
371
.426
1.15
.537
Walt Williams
HOU
48
9.4
1.6
4
78
183
.426
88
213
.413
1.14
.518
Lamond Murray
CLE
71
16.6
1.4
3
101
238
.424
329
748
.440
1.19
.487
Brent Barry
SEA
81
14.4
2.0
5
164
387
.424
237
403
.588
1.47
.611
Vladimir Radmanovic
SEA
61
6.7
1.1
3
66
157
.420
80
197
.406
1.15
.506
Peja Stojakovic
SAC
71
21.2
1.8
4
129
310
.416
418
820
.510
1.33
.541
Terry Porter
SA
72
5.5
0.8
2
59
142
.415
77
179
.430
1.24
.516
Derek Fisher
LAL
70
11.2
2.1
5
144
349
.413
130
317
.410
1.18
.520
Chucky Atkins
DET
79
12.1
1.7
4
138
336
.411
230
454
.507
1.21
.553
Reggie Miller
IND
79
16.5
2.3
6
180
443
.406
234
470
.498
1.43
.552
Chris Whitney
WSH
82
10.2
1.6
4
131
323
.406
143
333
.429
1.27
.518
Mark Jackson
NY
82
8.4
1.0
2
79
195
.405
181
397
.456
1.16
.506
Kerry Kittles
NJ
82
13.4
1.2
3
98
242
.405
340
698
.487
1.17
.518
Paul Pierce
BOS
82
26.1
2.6
6
210
520
.404
497
1078
.461
1.34
.508
Dirk Nowitzki
DAL
76
23.4
1.8
5
139
350
.397
461
908
.508
1.41
.532
Cuttino Mobley
HOU
74
21.7
2.0
5
149
377
.395
446
981
.455
1.18
.493
Chauncey Billups
MIN
82
12.5
1.5
4
124
315
.394
224
508
.441
1.25
.498
Allan Houston
NY
77
20.4
1.8
4
136
346
.393
432
955
.452
1.20
.489
Anthony Peeler
MIN
82
9.0
1.4
3
111
283
.392
177
401
.441
1.08
.502
Eddie Jones
MIA
81
18.3
1.8
5
149
382
.390
368
816
.451
1.24
.494
Rashard Lewis
SEA
71
16.8
1.7
4
123
316
.389
332
656
.506
1.23
.531
Raef LaFrentz
DAL/DEN
78
13.5
1.3
3
104
268
.388
317
652
.486
1.14
.514
Jason Terry
ATL
78
19.3
2.2
6
172
444
.387
352
775
.454
1.23
.500
Vince Carter
TOR
60
24.7
2.0
5
121
313
.387
438
994
.441
1.14
.474
Erick Strickland
BOS
79
7.7
1.2
3
95
247
.385
95
241
.394
1.24
.487
Bonzi Wells
POR
74
17.0
0.9
2
66
172
.384
421
867
.486
1.21
.500
Mike Miller
ORL
63
15.2
1.8
5
116
303
.383
235
499
.471
1.19
.510
Quentin Richardson
LAC
81
13.3
1.6
4
133
349
.381
267
577
.463
1.16
.504
Lindsey Hunter
LAL
82
5.8
1.0
3
79
208
.380
108
282
.383
0.97
.462
Bruce Bowen
SA
59
7.0
0.9
3
56
148
.378
99
250
.396
1.04
.460
