Matt Bonner
SA
66
7.3
1.6
3
105
230
.457
67
141
.475
1.30
.605
Ray Allen
BOS
80
16.5
2.1
5
168
378
.444
312
600
.520
1.35
.577
Stephen Curry
GS
74
18.6
2.0
5
151
342
.442
354
711
.498
1.30
.551
Luke Ridnour
MIN
71
11.8
1.1
3
81
184
.440
238
497
.479
1.23
.528
Richard Jefferson
SA
81
11.0
1.7
4
135
307
.440
169
335
.504
1.39
.579
Mike Bibby
ATL/MIA/WSH
80
8.6
1.9
4
153
348
.440
95
228
.417
1.19
.563
James Jones
MIA
81
5.9
1.5
4
123
287
.429
23
59
.390
1.37
.600
Arron Afflalo
DEN
69
12.6
1.5
4
105
248
.423
207
379
.546
1.38
.581
Reggie Williams
GS
80
9.2
1.3
3
102
241
.423
166
331
.502
1.29
.558
Anthony Morrow
NJ
58
13.2
1.9
4
110
260
.423
169
360
.469
1.23
.539
Daequan Cook
OKC
43
5.6
1.5
4
65
154
.422
14
27
.519
1.32
.616
Peja Stojakovic
NO/DAL/TOR
33
8.5
1.7
4
57
136
.419
43
91
.473
1.23
.566
Gary Neal
SA
80
9.8
1.6
4
129
308
.419
156
324
.481
1.24
.553
Kevin Love
MIN
73
20.2
1.2
3
88
211
.417
394
815
.483
1.44
.513
Brandon Rush
IND
67
9.1
1.4
3
93
223
.417
124
292
.425
1.18
.512
Martell Webster
MIN
46
9.8
1.2
3
55
132
.417
97
208
.466
1.33
.528
Kyle Korver
CHI
82
8.3
1.5
4
120
289
.415
122
268
.455
1.22
.542
Jared Dudley
PHX
82
10.6
1.3
3
105
253
.415
195
376
.519
1.38
.560
Marco Belinelli
NO
80
10.5
1.7
4
134
324
.414
168
367
.458
1.21
.534
Hedo Turkoglu
ORL/PHX
81
10.8
1.6
4
127
310
.410
195
412
.473
1.21
.534
Courtney Lee
HOU
81
8.3
0.9
2
71
174
.408
182
402
.453
1.17
.501
Wesley Matthews
POR
82
15.9
1.9
5
154
378
.407
286
601
.476
1.33
.528
Vladimir Radmanovic
GS
74
5.1
0.9
2
70
173
.405
67
145
.462
1.18
.541
Ty Lawson
DEN
80
11.7
0.9
2
69
171
.404
277
517
.536
1.36
.553
Daniel Gibson
CLE
67
11.6
1.8
4
118
293
.403
146
367
.398
1.18
.489
Ben Gordon
DET
82
11.2
1.3
3
107
266
.402
232
504
.460
1.20
.510
Chauncey Billups
DEN/NY
72
16.8
2.0
5
146
363
.402
193
431
.448
1.52
.519
Mike Dunleavy
IND
61
11.2
1.7
4
102
254
.402
138
266
.519
1.31
.560
Austin Daye
DET
72
7.5
1.0
2
69
172
.401
124
299
.415
1.14
.483
Shawne Williams
NY
64
7.1
1.3
3
85
212
.401
79
173
.457
1.18
.536
Jameer Nelson
ORL
76
13.1
1.6
4
119
297
.401
255
541
.471
1.19
.517
Kirk Hinrich
ATL/WSH
72
10.2
1.0
3
75
188
.399
203
435
.467
1.18
.506
JJ Redick
ORL
59
10.1
1.5
4
87
219
.397
110
228
.482
1.33
.538
Jodie Meeks
PHI
74
10.5
1.9
5
138
348
.397
104
222
.468
1.36
.546
Derek Fisher
LAL
82
6.8
0.8
2
63
159
.396
143
370
.386
1.05
.449
Rudy Gay
MEM
54
19.8
1.1
3
57
144
.396
352
725
.486
1.23
.503
Steve Nash
PHX
75
14.7
1.1
3
81
205
.395
318
606
.525
1.36
.542
Jason Richardson
ORL/PHX
80
15.6
2.4
6
189
479
.395
283
577
.490
1.18
.536
Ryan Anderson
ORL
64
10.6
2.1
5
134
341
.393
92
184
.500
1.30
.558
Dirk Nowitzki
DAL
73
23.0
0.9
2
66
168
.393
544
1011
.538
1.43
.545
