Nene Hilario
DEN
75
14.5
5.4
8.7
402
654
.615
401
649
.618
1.67
.615
Dwight Howard
ORL
78
22.9
7.9
13.4
619
1044
.593
619
1037
.597
1.71
.593
Emeka Okafor
NO
72
10.3
4.2
7.3
300
524
.573
300
523
.574
1.42
.573
Marcin Gortat
ORL/PHX
80
10.2
4.2
7.5
338
603
.561
337
599
.563
1.35
.561
Al Horford
ATL
77
15.3
6.7
12.0
513
921
.557
511
917
.557
1.28
.558
Greg Monroe
DET
80
9.4
3.8
6.9
303
550
.551
303
549
.552
1.37
.551
JaVale McGee
WSH
79
10.1
4.2
7.6
332
604
.550
332
601
.552
1.32
.550
Serge Ibaka
OKC
82
9.9
4.1
7.5
335
617
.543
335
616
.544
1.31
.543
Thaddeus Young
PHI
82
12.7
5.6
10.3
458
847
.541
452
825
.548
1.23
.544
Paul Millsap
UTAH
76
17.3
6.9
13.0
525
988
.531
516
965
.535
1.33
.536
Lamar Odom
LAL
82
14.4
5.8
10.9
473
893
.530
405
715
.566
1.32
.568
Pau Gasol
LAL
82
18.8
7.2
13.7
593
1120
.529
592
1117
.530
1.38
.530
Kevin Garnett
BOS
71
14.9
6.1
11.6
434
822
.528
433
817
.530
1.28
.529
Marc Gasol
MEM
81
11.7
4.5
8.5
364
691
.527
361
684
.528
1.38
.529
Kris Humphries
NJ
74
10.0
4.1
7.9
307
583
.527
307
582
.527
1.27
.527
Shawn Marion
DAL
80
12.5
5.4
10.4
434
834
.520
429
801
.536
1.20
.523
Tony Parker
SA
78
17.5
7.1
13.7
555
1069
.519
530
999
.531
1.28
.531
Dirk Nowitzki
DAL
73
23.0
8.4
16.2
610
1179
.517
544
1011
.538
1.43
.545
Brandon Bass
ORL
76
11.2
4.4
8.5
332
645
.515
332
643
.516
1.32
.515
Elton Brand
PHI
81
15.0
6.2
12.1
502
981
.512
502
980
.512
1.24
.512
LeBron James
MIA
79
26.7
9.6
18.8
758
1485
.510
666
1206
.552
1.42
.541
Carlos Boozer
CHI
59
17.5
7.3
14.3
431
845
.510
431
845
.510
1.22
.510
David West
NO
70
18.9
7.5
14.9
528
1040
.508
526
1031
.510
1.27
.509
David Lee
GS
73
16.5
6.8
13.4
496
978
.507
495
975
.508
1.23
.508
Blake Griffin
LAC
82
22.5
8.5
16.8
696
1376
.506
689
1352
.510
1.34
.508
Luis Scola
HOU
74
18.3
7.7
15.3
569
1129
.504
569
1126
.505
1.20
.504
Zach Randolph
MEM
75
20.1
8.0
15.8
598
1188
.503
590
1145
.515
1.27
.507
Ty Lawson
DEN
80
11.7
4.3
8.6
346
688
.503
277
517
.536
1.36
.553
Carl Landry
NO/SAC
76
11.9
4.5
9.0
345
687
.502
345
683
.505
1.31
.502
Amar'e Stoudemire
NY
78
25.3
9.5
19.0
744
1482
.502
734
1459
.503
1.33
.505
Dwyane Wade
MIA
76
25.5
9.1
18.2
692
1384
.500
629
1178
.534
1.40
.523
Tim Duncan
SA
76
13.4
5.5
11.0
419
838
.500
419
834
.502
1.22
.500
Beno Udrih
SAC
79
13.7
5.2
10.4
412
824
.500
347
642
.540
1.32
.539
LaMarcus Aldridge
POR
81
21.8
8.7
17.5
707
1415
.500
703
1392
.505
1.25
.501
Arron Afflalo
DEN
69
12.6
4.5
9.1
312
627
.498
207
379
.546
1.38
.581
Darrell Arthur
MEM
80
9.1
3.9
7.8
310
624
.497
310
618
.502
1.17
.497
Paul Pierce
BOS
80
18.9
6.3
12.8
507
1021
.497
396
724
.547
1.48
.551
Chris Bosh
MIA
77
18.7
6.8
13.7
524
1056
.496
518
1031
.502
1.36
.499
Al Jefferson
UTAH
82
18.6
8.0
16.1
654
1319
.496
654
1319
.496
1.16
.496
Andrew Bogut
MIL
65
12.8
5.6
11.4
367
742
.495
367
738
.497
1.12
.495
