T.J. Ford
IND
2
3.5
1.5
1.5
3
3
1.000
2
2
1.000
2.33
1.167
Royal Ivey
OKC
2
3.0
1.0
1.0
2
2
1.000
0
0
.000
3.00
1.500
Didier Ilunga-Mbenga
NO
5
1.0
0.4
0.4
2
2
1.000
2
2
1.000
2.50
1.000
Rasual Butler
CHI
3
1.0
0.3
0.3
1
1
1.000
0
0
.000
3.00
1.500
Patrick Ewing Jr.
NO
2
1.5
0.5
0.5
1
1
1.000
0
0
.000
3.00
1.500
Kosta Koufos
DEN
1
2.0
1.0
1.0
1
1
1.000
1
1
1.000
2.00
1.000
Chris Johnson
POR
4
1.0
0.3
0.3
1
1
1.000
1
1
1.000
4.00
1.000
Brian Cardinal
DAL
9
1.1
0.3
0.4
3
4
.750
0
0
.000
2.50
1.125
Aaron Gray
NO
6
3.5
1.5
2.2
9
13
.692
9
13
.692
1.62
.692
Ronny Turiaf
NY
4
5.8
2.0
3.0
8
12
.667
8
12
.667
1.92
.667
Pape Sy
ATL
4
1.5
0.5
0.8
2
3
.667
2
3
.667
2.00
.667
Ish Smith
MEM
5
0.8
0.4
0.6
2
3
.667
2
3
.667
1.33
.667
Emeka Okafor
NO
6
7.3
3.3
5.2
20
31
.645
20
31
.645
1.42
.645
Jason Collins
ATL
12
1.8
0.8
1.2
9
14
.643
9
14
.643
1.50
.643
Chris Andersen
DEN
5
4.8
1.4
2.2
7
11
.636
7
11
.636
2.18
.636
Nick Collison
OKC
17
6.7
2.8
4.5
48
76
.632
48
76
.632
1.50
.632
Dwight Howard
ORL
6
27.0
8.5
13.5
51
81
.630
51
80
.638
2.00
.630
Tiago Splitter
SA
3
6.7
3.3
5.3
10
16
.625
10
16
.625
1.25
.625
Nenad Krstic
BOS
7
1.7
0.7
1.1
5
8
.625
5
8
.625
1.50
.625
Ian Mahinmi
DAL
6
1.8
0.5
0.8
3
5
.600
3
5
.600
2.20
.600
Jeff Foster
IND
5
3.4
1.4
2.4
7
12
.583
7
12
.583
1.42
.583
Tyson Chandler
DAL
21
8.0
2.7
4.7
57
98
.582
57
98
.582
1.70
.582
Brendan Haywood
DAL
18
3.1
1.0
1.7
18
31
.581
18
31
.581
1.81
.581
Taj Gibson
CHI
16
5.9
2.7
4.8
43
76
.566
43
75
.573
1.25
.566
Kurt Thomas
CHI
7
2.9
1.4
2.6
10
18
.556
10
16
.625
1.11
.556
Josh Powell
ATL
9
1.1
0.6
1.0
5
9
.556
5
9
.556
1.11
.556
Elton Brand
PHI
5
15.6
6.8
12.4
34
62
.548
34
62
.548
1.26
.548
Chris Paul
NO
6
22.0
7.0
12.8
42
77
.545
33
58
.569
1.71
.604
Andrew Bynum
LAL
10
14.4
5.7
10.5
57
105
.543
57
105
.543
1.37
.543
Damien Wilkins
ATL
8
1.8
0.9
1.6
7
13
.538
7
11
.636
1.08
.538
Anthony Carter
NY
4
4.8
2.0
3.8
8
15
.533
7
12
.583
1.27
.567
Quentin Richardson
ORL
6
3.8
1.3
2.5
8
15
.533
3
5
.600
1.53
.700
Ray Allen
BOS
9
18.9
6.3
12.1
57
109
.523
25
53
.472
1.56
.670
Jeff Teague
ATL
8
11.8
4.6
9.0
37
72
.514
36
65
.554
1.31
.521
Greivis Vasquez
MEM
13
4.3
1.6
3.2
21
41
.512
17
30
.567
1.37
.561
Marc Gasol
MEM
13
15.0
5.5
10.8
72
141
.511
72
139
.518
1.38
.511
Kirk Hinrich
ATL
6
10.2
4.3
8.7
26
52
.500
18
33
.545
1.17
.577
Ty Lawson
DEN
5
15.6
5.2
10.4
26
52
.500
21
41
.512
1.50
.548
Brandon Roy
POR
6
9.3
3.7
7.3
22
44
.500
18
30
.600
1.27
.545
Shaquille O'Neal
BOS
2
1.0
0.5
1.0
1
2
.500
1
2
.500
1.00
.500
