Anthony Peeler
SAC
75
5.7
0.9
2
68
141
.482
88
207
.425
1.24
.546
Brent Barry
SEA
59
10.8
1.9
4
114
252
.452
101
175
.577
1.49
.637
Brian Cardinal
GS
76
9.6
0.7
2
55
124
.444
165
342
.482
1.57
.531
Fred Hoiberg
MIN
79
6.7
1.0
2
76
172
.442
102
211
.483
1.38
.564
Aaron McKie
PHI
75
9.2
1.0
2
75
172
.436
190
405
.469
1.19
.524
Peja Stojakovic
SAC
81
24.2
3.0
7
240
554
.433
425
832
.511
1.42
.566
Allan Houston
NY
50
18.5
1.7
4
87
202
.431
253
579
.437
1.18
.491
Hedo Turkoglu
SA
80
9.2
1.3
3
101
241
.419
161
404
.399
1.15
.484
Casey Jacobsen
PHX
78
6.0
1.0
2
75
180
.417
75
180
.417
1.29
.521
Charlie Ward
NY/PHX/SA
71
6.0
1.2
3
84
206
.408
76
184
.413
1.09
.518
Michael Finley
DAL
72
18.6
2.1
5
150
370
.405
364
789
.461
1.16
.508
Steve Nash
DAL
78
14.5
1.3
3
104
257
.405
293
588
.498
1.33
.531
Donyell Marshall
CHI/TOR
82
14.7
1.6
4
131
325
.403
339
695
.488
1.18
.525
Reggie Miller
IND
80
10.0
1.7
4
134
334
.401
126
260
.485
1.35
.551
Jim Jackson
HOU
80
12.9
2.0
5
162
405
.400
220
495
.444
1.15
.514
Keith Van Horn
MIL/NY
72
16.1
1.3
3
93
233
.399
317
670
.473
1.29
.506
Wesley Person
ATL/POR/MEM
58
5.8
0.9
2
55
138
.399
71
176
.403
1.08
.489
Sam Cassell
MIN
81
19.8
0.9
2
74
186
.398
546
1084
.504
1.26
.517
Leandro Barbosa
PHX
70
7.9
1.2
3
83
210
.395
127
260
.488
1.17
.535
Gordan Giricek
ORL/UTAH
73
11.3
0.8
2
60
152
.395
256
572
.448
1.14
.478
Ray Allen
SEA
56
23.0
2.6
7
148
378
.392
299
639
.468
1.27
.512
Mike Bibby
SAC
82
18.4
1.8
5
148
378
.392
379
792
.479
1.29
.514
Kyle Korver
PHI
74
4.5
1.1
3
81
207
.391
34
120
.283
1.01
.476
Cuttino Mobley
HOU
80
15.8
2.1
5
164
420
.390
296
661
.448
1.17
.501
Kirk Hinrich
CHI
76
12.0
1.9
5
144
369
.390
174
454
.383
1.11
.474
Austin Croshere
IND
77
5.0
0.7
2
56
144
.389
63
163
.387
1.26
.479
Chauncey Billups
DET
78
16.9
1.7
4
130
335
.388
262
661
.396
1.32
.459
James Posey
MEM
82
13.7
1.4
4
112
290
.386
256
480
.533
1.46
.551
Tyronn Lue
ORL
76
10.5
1.1
3
80
209
.383
229
505
.453
1.12
.489
Vince Carter
TOR
73
22.5
1.3
3
93
243
.383
515
1214
.424
1.13
.449
Jiri Welsch
BOS
81
9.2
0.9
2
69
181
.381
193
431
.448
1.22
.484
Mike James
BOS/DET
81
9.3
1.3
3
106
281
.377
166
376
.441
1.15
.495
Tim Thomas
MIL/NY
66
14.7
1.1
3
73
194
.376
290
619
.468
1.19
.491
Rashard Lewis
SEA
80
17.8
1.8
5
145
386
.376
390
843
.463
1.16
.494
Gilbert Arenas
WSH
55
19.6
2.3
6
125
333
.375
233
581
.401
1.18
.460
Walter McCarty
BOS
77
7.9
1.8
5
137
366
.374
66
157
.420
1.16
.519
Raja Bell
UTAH
82
11.2
0.8
2
62
166
.373
267
639
.418
1.14
.447
Mike Miller
MEM
65
11.1
1.2
3
80
215
.372
190
401
.474
1.17
.503
Jamaal Tinsley
IND
52
8.3
1.5
4
77
207
.372
76
163
.466
1.17
.518
Vladimir Radmanovic
SEA
77
12.0
1.8
5
140
377
.371
205
435
.471
1.14
.511
