DeAndre Jordan
LAC
82
8.8
3.8
6.0
314
488
.643
314
488
.643
1.48
.643
Dwight Howard
LAL
76
17.1
6.2
10.7
470
813
.578
469
807
.581
1.59
.579
JaVale McGee
DEN
79
9.1
3.8
6.7
303
527
.575
302
526
.574
1.36
.576
Serge Ibaka
OKC
80
13.2
5.6
9.7
446
778
.573
426
721
.591
1.36
.586
LeBron James
MIA
76
26.8
10.1
17.8
765
1354
.565
662
1100
.602
1.50
.603
JJ Hickson
POR
80
12.7
5.2
9.3
418
744
.562
418
742
.563
1.37
.562
Tiago Splitter
SA
81
10.3
3.9
7.0
315
563
.560
315
561
.561
1.49
.560
Amir Johnson
TOR
81
10.0
4.1
7.5
336
606
.554
331
593
.558
1.34
.559
Kenneth Faried
DEN
80
11.5
4.8
8.6
380
689
.552
380
689
.552
1.34
.552
Al Horford
ATL
74
17.4
7.8
14.3
576
1060
.543
573
1054
.544
1.22
.545
Omer Asik
HOU
82
10.1
4.0
7.5
332
614
.541
332
613
.542
1.36
.541
Carl Landry
GS
81
10.8
4.0
7.4
325
602
.540
324
599
.541
1.45
.541
Blake Griffin
LAC
80
18.0
7.2
13.4
577
1072
.538
572
1044
.548
1.34
.541
Chris Bosh
MIA
74
16.6
6.6
12.3
485
907
.535
464
833
.557
1.36
.546
Robin Lopez
NO
82
11.3
4.7
8.8
384
719
.534
384
719
.534
1.29
.534
Thaddeus Young
PHI
76
14.8
6.7
12.6
509
958
.531
508
950
.535
1.18
.532
Tony Parker
SA
66
20.3
7.9
15.1
519
995
.522
495
927
.534
1.35
.534
Brook Lopez
BKN
74
19.4
7.7
14.8
570
1094
.521
570
1093
.522
1.31
.521
Dwyane Wade
MIA
69
21.2
8.2
15.8
569
1093
.521
552
1027
.537
1.34
.528
Nikola Pekovic
MIN
62
16.3
6.2
12.0
385
741
.520
385
741
.520
1.36
.520
David Lee
GS
79
18.5
7.6
14.7
602
1160
.519
602
1156
.521
1.26
.519
Nikola Vucevic
ORL
77
13.1
6.0
11.5
461
889
.519
461
886
.520
1.13
.519
Anthony Davis
NO
64
13.5
5.5
10.6
349
676
.516
349
670
.521
1.28
.516
Shawn Marion
DAL
67
12.1
5.3
10.3
355
690
.514
332
617
.538
1.18
.531
Patrick Patterson
HOU/SAC
71
10.4
4.5
8.8
319
623
.512
268
491
.546
1.18
.553
Andray Blatche
BKN
82
10.3
4.2
8.2
346
676
.512
343
654
.524
1.25
.514
Kevin Durant
OKC
81
28.1
9.0
17.7
731
1433
.510
592
1099
.539
1.59
.559
Chris Kaman
DAL
66
10.5
4.7
9.3
313
617
.507
313
616
.508
1.12
.507
Larry Sanders
MIL
71
9.8
4.3
8.5
306
605
.506
306
603
.507
1.15
.506
Tim Duncan
SA
69
17.8
7.1
14.1
490
976
.502
488
969
.504
1.26
.503
Jason Thompson
SAC
82
10.9
4.6
9.1
374
745
.502
374
742
.504
1.20
.502
David West
IND
73
17.1
6.9
13.8
502
1009
.498
498
990
.503
1.24
.500
Kevin Garnett
BOS
68
14.8
6.2
12.5
422
850
.496
420
834
.504
1.18
.498
Al Jefferson
UTAH
78
17.8
7.8
15.8
611
1236
.494
609
1219
.500
1.13
.495
Marc Gasol
MEM
80
14.1
5.4
10.9
429
869
.494
428
855
.501
1.30
.494
Jose Calderon
DET/TOR
73
11.3
4.3
8.7
312
635
.491
182
353
.516
1.30
.594
Paul Millsap
UTAH
78
14.6
5.5
11.2
429
875
.490
416
836
.498
1.30
.498
Tristan Thompson
CLE
82
11.7
4.8
9.7
390
799
.488
390
796
.490
1.20
.488
Greg Monroe
DET
81
16.0
6.3
13.1
514
1058
.486
514
1054
.488
1.23
.486
Chandler Parsons
HOU
76
15.5
6.0
12.4
456
939
.486
304
544
.559
1.25
.567
