Jose Calderon
DET/TOR
73
11.3
1.8
4
130
282
.461
182
353
.516
1.30
.594
Kyle Korver
ATL
74
10.9
2.6
6
189
414
.457
88
187
.471
1.35
.618
Stephen Curry
GS
78
22.9
3.5
8
272
600
.453
354
788
.449
1.29
.549
Ersan Ilyasova
MIL
73
13.2
1.3
3
95
214
.444
276
589
.469
1.20
.521
Steve Nash
LAL
50
12.7
1.1
3
57
130
.438
179
345
.519
1.34
.557
Shane Battier
MIA
72
6.6
1.9
4
136
316
.430
16
46
.348
1.30
.608
Danny Green
SA
80
10.5
2.2
5
177
413
.429
120
250
.480
1.26
.581
Mike Dunleavy
MIL
75
10.5
1.7
4
128
299
.428
148
325
.455
1.26
.545
Willie Green
LAC
72
6.3
1.0
2
71
166
.428
107
220
.486
1.17
.553
Kevin Martin
OKC
77
14.0
2.1
5
158
371
.426
192
407
.472
1.38
.551
Steve Novak
NY
81
6.6
1.8
4
149
351
.425
29
79
.367
1.24
.587
Martell Webster
WSH
76
11.4
1.8
4
139
329
.422
142
307
.463
1.37
.551
Chris Copeland
NY
56
8.7
1.1
3
59
140
.421
123
240
.513
1.28
.557
Steve Blake
LAL
45
7.3
1.6
4
72
171
.421
42
99
.424
1.21
.556
Ray Allen
MIA
79
10.9
1.8
4
139
332
.419
153
319
.480
1.33
.555
Thabo Sefolosha
OKC
81
7.6
1.3
3
108
258
.419
116
208
.558
1.32
.597
Mike Miller
MIA
59
4.8
1.2
3
73
175
.417
27
56
.482
1.22
.591
Jimmer Fredette
SAC
69
7.2
0.9
2
65
156
.417
107
253
.423
1.21
.500
Kevin Durant
OKC
81
28.1
1.7
4
139
334
.416
592
1099
.539
1.59
.559
Roger Mason Jr.
NO
69
5.3
1.0
2
66
159
.415
66
146
.452
1.21
.541
Gordon Hayward
UTAH
72
14.1
1.4
3
102
246
.415
234
527
.444
1.32
.501
Dirk Nowitzki
DAL
53
17.3
1.2
3
65
157
.414
278
571
.487
1.26
.516
C.J. Watson
BKN
80
6.8
1.1
3
88
214
.411
104
245
.424
1.18
.514
Randy Foye
UTAH
82
10.8
2.2
5
178
434
.410
115
304
.378
1.20
.518
Mario Chalmers
MIA
77
8.6
1.6
4
123
301
.409
104
228
.456
1.26
.545
O.J. Mayo
DAL
82
15.3
1.7
4
142
349
.407
319
677
.471
1.22
.519
Vince Carter
DAL
81
13.4
2.0
5
162
399
.406
210
456
.461
1.27
.530
LeBron James
MIA
76
26.8
1.4
3
103
254
.406
662
1100
.602
1.50
.603
Nate Robinson
CHI
82
13.1
1.7
4
141
348
.405
258
573
.450
1.17
.510
Jarrett Jack
GS
79
12.9
1.0
3
82
203
.404
305
654
.466
1.19
.499
Klay Thompson
GS
82
16.6
2.6
6
211
526
.401
297
679
.437
1.13
.509
Wesley Matthews
POR
69
14.8
2.4
6
169
425
.398
183
383
.478
1.26
.540
Cartier Martin
WSH
41
6.6
1.4
4
58
146
.397
38
106
.358
1.07
.496
Quincy Pondexter
MEM
59
6.4
1.0
3
60
152
.395
68
147
.463
1.25
.528
Wayne Ellington
CLE/MEM
78
7.9
1.2
3
94
240
.392
132
289
.457
1.16
.516
Jared Dudley
PHX
79
10.9
1.3
3
106
271
.391
207
398
.520
1.29
.547
Kyrie Irving
CLE
59
22.5
1.8
5
109
279
.391
375
791
.474
1.24
.503
Kirk Hinrich
CHI
60
7.7
1.2
3
71
182
.390
88
240
.367
1.09
.461
Caron Butler
LAC
78
10.4
1.6
4
128
330
.388
177
390
.454
1.13
.513
Ben Gordon
CHA
75
11.2
1.5
4
113
292
.387
197
468
.421
1.11
.482
