Chris Paul
LAC
70
33.4
169
2.41
3.47
159
2.27
143
1.06
1.18
Ricky Rubio
MIN
57
29.7
137
2.40
3.89
172
3.02
143
0.80
0.96
Mike Conley
MEM
80
34.5
174
2.18
3.03
189
2.36
171
0.92
1.02
Monta Ellis
MIL
82
37.5
169
2.06
2.64
254
3.10
164
0.67
1.03
Kemba Walker
CHA
82
34.9
160
1.95
2.69
200
2.44
153
0.80
1.05
Dwyane Wade
MIA
69
34.7
128
1.86
2.57
194
2.81
140
0.66
0.91
James Harden
HOU
78
38.3
142
1.82
2.28
295
3.78
178
0.48
0.80
Paul George
IND
79
37.6
143
1.81
2.31
233
2.95
227
0.61
0.63
Russell Westbrook
OKC
82
34.9
145
1.77
2.43
273
3.33
189
0.53
0.77
Thaddeus Young
PHI
76
34.6
133
1.75
2.43
90
1.18
191
1.48
0.70
Andre Iguodala
DEN
80
34.7
139
1.74
2.40
206
2.58
127
0.67
1.09
LeBron James
MIA
76
37.9
129
1.70
2.15
226
2.97
110
0.57
1.17
Jason Kidd
NY
76
26.9
125
1.64
2.94
76
1.00
125
1.64
1.00
Jeremy Lin
HOU
82
32.2
134
1.63
2.44
236
2.88
205
0.57
0.65
Metta World Peace
LAL
75
33.7
122
1.63
2.31
98
1.31
198
1.24
0.62
Stephen Curry
GS
78
38.2
126
1.62
2.03
240
3.08
198
0.53
0.64
Goran Dragic
PHX
77
33.5
124
1.61
2.31
212
2.75
214
0.58
0.58
Jrue Holiday
PHI
78
37.5
123
1.58
2.02
292
3.74
170
0.42
0.72
Brandon Jennings
MIL
80
36.2
125
1.56
2.07
203
2.54
155
0.62
0.81
Mario Chalmers
MIA
77
26.9
118
1.53
2.74
119
1.55
196
0.99
0.60
Rudy Gay
TOR/MEM
75
35.8
113
1.51
2.02
198
2.64
182
0.57
0.62
Tony Allen
MEM
79
26.7
119
1.51
2.71
94
1.19
211
1.27
0.56
Ty Lawson
DEN
73
34.4
107
1.47
2.04
182
2.49
135
0.59
0.79
Jeff Teague
ATL
80
32.9
117
1.46
2.14
230
2.88
181
0.51
0.65
DeMarcus Cousins
SAC
75
30.5
108
1.44
2.26
225
3.00
269
0.48
0.40
Corey Brewer
DEN
82
24.4
118
1.44
2.83
102
1.24
154
1.16
0.77
Eric Bledsoe
LAC
76
20.4
109
1.43
3.37
137
1.80
112
0.80
0.97
Kevin Durant
OKC
81
38.5
116
1.43
1.79
280
3.46
143
0.41
0.81
Kobe Bryant
LAL
78
38.6
106
1.36
1.69
287
3.68
173
0.37
0.61
Paul Millsap
UTAH
78
30.4
102
1.31
2.06
138
1.77
232
0.74
0.44
Alonzo Gee
CLE
82
31.0
107
1.30
2.02
132
1.61
199
0.81
0.54
Greg Monroe
DET
81
33.2
105
1.30
1.88
234
2.89
190
0.45
0.55
Thabo Sefolosha
OKC
81
27.5
103
1.27
2.22
64
0.79
177
1.61
0.58
JR Smith
NY
80
33.5
100
1.25
1.79
134
1.68
226
0.75
0.44
Nicolas Batum
POR
73
38.5
91
1.25
1.56
190
2.60
139
0.48
0.65
Josh Smith
ATL
76
35.3
94
1.24
1.68
226
2.97
175
0.42
0.54
Darren Collison
DAL
81
29.3
100
1.23
2.02
173
2.14
139
0.58
0.72
Blake Griffin
LAC
80
32.5
97
1.21
1.79
185
2.31
231
0.52
0.42
Al-Farouq Aminu
NO
76
27.2
92
1.21
2.14
116
1.53
153
0.79
0.60
Maurice Harkless
ORL
76
26.0
88
1.16
2.14
69
0.91
144
1.28
0.61
