Ryan Bowen
DEN
4
0.5
0.3
0.3
1
1
1.000
1
1
1.000
2.00
1.000
Marcus Haislip
MIL
1
2.0
1.0
1.0
1
1
1.000
1
1
1.000
2.00
1.000
Ryan Humphrey
MEM
3
0.7
0.3
0.3
1
1
1.000
1
1
1.000
2.00
1.000
Brandon Hunter
BOS
3
0.7
0.3
0.3
1
1
1.000
1
1
1.000
2.00
1.000
Charlie Ward
SA
5
2.2
0.8
1.2
4
6
.667
1
3
.333
1.83
.917
Brian Scalabrine
NJ
9
3.3
1.2
1.9
11
17
.647
6
11
.545
1.76
.794
Darius Songaila
SAC
7
3.7
1.4
2.3
10
16
.625
10
16
.625
1.63
.625
Shaquille O'Neal
LAL
22
21.5
8.3
14.0
182
307
.593
182
307
.593
1.54
.593
Kelvin Cato
HOU
5
5.8
2.6
4.4
13
22
.591
13
22
.591
1.32
.591
Francisco Elson
DEN
4
3.8
1.8
3.0
7
12
.583
7
12
.583
1.25
.583
Jeff Foster
IND
16
3.6
1.6
2.7
25
43
.581
25
42
.595
1.35
.581
Pau Gasol
MEM
4
18.5
7.0
12.3
28
49
.571
28
49
.571
1.51
.571
Vin Baker
NY
4
5.5
2.0
3.5
8
14
.571
8
14
.571
1.57
.571
Jason Hart
SA
7
3.1
1.6
2.9
11
20
.550
11
20
.550
1.10
.550
Aaron Williams
NJ
11
3.8
1.6
3.0
18
33
.545
18
33
.545
1.27
.545
Michael Sweetney
NY
4
4.0
1.5
2.8
6
11
.545
6
11
.545
1.45
.545
David West
NO
7
5.9
2.1
4.0
15
28
.536
15
28
.536
1.46
.536
Earl Watson
MEM
4
4.8
2.0
3.8
8
15
.533
8
12
.667
1.27
.533
Kenyon Martin
NJ
11
19.1
7.4
13.8
81
152
.533
81
148
.547
1.38
.533
Mark Madsen
MIN
17
2.8
1.0
1.9
17
32
.531
17
32
.531
1.47
.531
Damon Jones
MIL
5
10.0
3.6
6.8
18
34
.529
8
13
.615
1.47
.676
Brad Miller
SAC
12
10.5
4.0
7.6
48
91
.527
47
84
.560
1.38
.533
Brian Skinner
MIL
5
5.4
2.2
4.2
11
21
.524
11
21
.524
1.29
.524
Tim Duncan
SA
10
22.1
8.3
15.9
83
159
.522
83
158
.525
1.39
.522
Trenton Hassell
MIN
18
7.7
3.4
6.6
62
119
.521
61
117
.521
1.16
.525
Bonzi Wells
MEM
4
11.8
4.8
9.3
19
37
.514
19
36
.528
1.27
.514
Ervin Johnson
MIN
18
2.7
1.1
2.1
19
38
.500
19
38
.500
1.26
.500
Toni Kukoc
MIL
5
8.4
3.4
6.8
17
34
.500
13
22
.591
1.24
.559
Nazr Mohammed
NY
4
10.3
3.8
7.5
15
30
.500
15
30
.500
1.37
.500
Darvin Ham
DET
22
0.7
0.4
0.7
8
16
.500
8
15
.533
1.00
.500
Michael Doleac
DEN
5
2.0
1.0
2.0
5
10
.500
5
10
.500
1.00
.500
Gerald Wallace
SAC
3
2.3
1.0
2.0
3
6
.500
3
6
.500
1.17
.500
Dan Gadzuric
MIL
1
4.0
2.0
4.0
2
4
.500
2
4
.500
1.00
.500
Jabari Smith
SAC
4
1.3
0.3
0.5
1
2
.500
1
2
.500
2.50
.500
Marcus Camby
DEN
5
12.6
5.4
11.0
27
55
.491
26
53
.491
1.15
.500
Joe Smith
MIL
5
13.2
5.4
11.0
27
55
.491
27
54
.500
1.20
.491
Fred Jones
IND
14
4.7
1.8
3.6
25
51
.490
14
29
.483
1.29
.598
Devin Brown
SA
9
5.8
2.0
4.1
18
37
.486
12
27
.444
1.41
.568
Mark Blount
BOS
4
12.0
4.3
8.8
17
35
.486
17
35
.486
1.37
.486
Walter McCarty
BOS
4
7.0
2.8
5.8
11
23
.478
5
8
.625
1.22
.609
