Baron Davis
GS
63
35.3
135
2.14
2.92
193
3.06
181
0.70
0.75
Metta World Peace
SAC
70
37.7
149
2.13
2.71
146
2.09
205
1.02
0.73
Caron Butler
WSH
63
39.3
134
2.13
2.60
181
2.87
188
0.74
0.71
Andre Iguodala
PHI
76
40.3
152
2.00
2.38
261
3.43
200
0.58
0.76
Gerald Wallace
CHA
72
36.7
144
2.00
2.62
160
2.22
209
0.90
0.69
Shawn Marion
PHX
80
37.6
156
1.95
2.49
114
1.43
216
1.37
0.72
Gilbert Arenas
WSH
74
39.8
139
1.88
2.27
236
3.19
249
0.59
0.56
Monta Ellis
GS
77
34.3
132
1.71
2.40
221
2.87
210
0.60
0.63
Rajon Rondo
BOS
78
23.5
128
1.64
3.36
137
1.76
181
0.93
0.71
Jamaal Tinsley
IND
72
31.2
117
1.63
2.50
200
2.78
190
0.59
0.62
LeBron James
CLE
78
40.9
125
1.60
1.88
250
3.21
171
0.50
0.73
Jason Kidd
NJ
80
36.7
127
1.59
2.08
213
2.66
146
0.60
0.87
Rafer Alston
HOU
82
37.1
129
1.57
2.04
170
2.07
195
0.76
0.66
Raymond Felton
CHA
78
36.3
118
1.51
2.00
230
2.95
180
0.51
0.66
Manu Ginobili
SA
75
27.5
109
1.45
2.54
157
2.09
155
0.69
0.70
Smush Parker
LAL
82
30.0
119
1.45
2.32
153
1.87
211
0.78
0.56
Kobe Bryant
LAL
77
40.8
111
1.44
1.70
255
3.31
205
0.44
0.54
Ben Wallace
CHI
77
35.0
111
1.44
1.98
101
1.31
153
1.10
0.73
Josh Smith
ATL
72
36.8
101
1.40
1.83
227
3.15
241
0.44
0.42
Andre Miller
DEN/PHI
80
37.1
110
1.38
1.78
222
2.78
184
0.50
0.60
Ruben Patterson
MIL
81
31.0
110
1.36
2.11
199
2.46
232
0.55
0.47
T.J. Ford
TOR
75
29.9
101
1.35
2.16
231
3.08
186
0.44
0.54
Tracy McGrady
HOU
71
35.8
92
1.30
1.74
213
3.00
136
0.43
0.68
Earl Watson
SEA
77
27.9
99
1.29
2.21
167
2.17
152
0.59
0.65
Larry Hughes
CLE
70
37.1
89
1.27
1.65
154
2.20
164
0.58
0.54
Kirk Hinrich
CHI
80
35.5
100
1.25
1.69
191
2.39
274
0.52
0.36
Marcus Camby
DEN
70
33.8
87
1.24
1.76
122
1.74
183
0.71
0.48
Kevin Martin
SAC
80
35.2
98
1.23
1.67
135
1.69
181
0.73
0.54
Leandro Barbosa
PHX
80
32.7
96
1.20
1.76
146
1.83
210
0.66
0.46
Devin Harris
DAL
80
26.0
96
1.20
2.21
146
1.83
242
0.66
0.40
Chauncey Billups
DET
70
36.2
84
1.20
1.59
140
2.00
161
0.60
0.52
Charlie Bell
MIL
82
34.7
97
1.18
1.63
104
1.27
213
0.93
0.46
Luol Deng
CHI
82
37.5
97
1.18
1.52
153
1.87
167
0.63
0.58
Cuttino Mobley
LAC
78
36.4
92
1.18
1.55
145
1.86
186
0.63
0.49
Josh Howard
DAL
70
35.1
82
1.17
1.60
123
1.76
180
0.67
0.46
Kevin Garnett
MIN
76
39.4
89
1.17
1.43
205
2.70
184
0.43
0.48
Luke Ridnour
SEA
71
29.5
83
1.17
1.91
156
2.20
181
0.53
0.46
Antawn Jamison
WSH
70
38.0
80
1.14
1.44
104
1.49
194
0.77
0.41
Damien Wilkins
SEA
82
24.8
92
1.12
2.17
116
1.41
157
0.79
0.59
Stephen Jackson
GS/IND
75
33.1
84
1.12
1.63
183
2.44
200
0.46
0.42
