Mikki Moore
NJ
79
9.8
3.9
6.4
308
506
.609
308
505
.610
1.53
.609
Dwight Howard
ORL
82
17.6
6.4
10.6
526
873
.603
525
871
.603
1.65
.603
Andris Biedrins
GS
82
9.5
4.2
7.1
348
581
.599
348
581
.599
1.35
.599
Eddy Curry
NY
81
19.5
7.2
12.5
585
1016
.576
584
1015
.575
1.55
.576
Amar'e Stoudemire
PHX
82
20.4
7.4
12.9
607
1055
.575
607
1052
.577
1.58
.575
Carlos Boozer
UTAH
74
20.9
8.7
15.6
647
1154
.561
647
1154
.561
1.34
.561
Andrew Bogut
MIL
66
12.3
5.3
9.5
348
629
.553
347
624
.556
1.29
.554
Ruben Patterson
MIL
81
14.7
5.9
10.7
475
867
.548
472
848
.557
1.38
.550
Tim Duncan
SA
80
20.0
7.7
14.1
618
1131
.546
617
1122
.550
1.41
.547
Samuel Dalembert
PHI
82
10.7
4.3
8.0
356
658
.541
356
656
.543
1.34
.541
Pau Gasol
MEM
59
20.8
7.8
14.5
462
858
.538
459
847
.542
1.43
.540
Boris Diaw
PHX
73
9.7
4.2
7.8
306
569
.538
291
524
.555
1.25
.551
Elton Brand
LAC
80
20.5
8.1
15.1
645
1211
.533
644
1210
.532
1.36
.533
Steve Nash
PHX
76
18.6
6.8
12.8
517
971
.532
361
628
.575
1.45
.613
Emeka Okafor
CHA
67
14.4
5.9
11.0
394
740
.532
394
740
.532
1.30
.532
Chris Wilcox
SEA
82
13.5
5.3
10.0
433
819
.529
433
813
.533
1.35
.529
Hakim Warrick
MEM
82
12.7
4.5
8.7
373
712
.524
373
704
.530
1.47
.524
Shawn Marion
PHX
80
17.5
7.0
13.4
561
1071
.524
481
819
.587
1.31
.561
Tony Parker
SA
77
18.6
7.4
14.2
570
1096
.520
555
1058
.525
1.30
.527
Grant Hill
ORL
65
14.4
5.3
10.2
342
660
.518
340
648
.525
1.42
.520
Luol Deng
CHI
82
18.8
7.7
14.9
630
1218
.517
629
1211
.519
1.26
.518
Yao Ming
HOU
48
25.0
8.8
17.1
423
819
.516
423
817
.518
1.47
.516
Al Jefferson
BOS
69
16.0
6.6
12.8
453
882
.514
453
881
.514
1.26
.514
Mark Blount
MIN
82
12.3
5.2
10.2
427
839
.509
418
808
.517
1.20
.514
Gerald Wallace
CHA
72
18.1
6.6
13.2
478
952
.502
439
832
.528
1.37
.523
Dirk Nowitzki
DAL
78
24.6
8.6
17.2
673
1341
.502
601
1168
.515
1.43
.529
Nick Collison
SEA
82
9.6
3.9
7.8
318
636
.500
318
634
.502
1.24
.500
Chris Bosh
TOR
69
22.6
7.9
15.9
543
1094
.496
531
1059
.501
1.43
.502
Udonis Haslem
MIA
79
10.7
4.5
9.1
353
717
.492
353
713
.495
1.18
.492
Matt Harpring
UTAH
77
11.6
4.2
8.5
322
656
.491
309
617
.501
1.36
.501
Dwyane Wade
MIA
51
27.4
9.3
18.9
472
962
.491
451
883
.511
1.45
.502
Zydrunas Ilgauskas
CLE
78
11.9
4.9
10.2
385
793
.486
385
792
.486
1.17
.485
Jason Terry
DAL
81
16.7
6.3
13.1
514
1063
.484
352
693
.508
1.27
.560
Anthony Parker
TOR
73
12.4
4.5
9.4
328
687
.477
213
426
.500
1.31
.561
LeBron James
CLE
78
27.3
9.9
20.8
772
1621
.476
673
1311
.513
1.32
.507
Leandro Barbosa
PHX
80
18.1
6.6
13.9
529
1111
.476
339
673
.504
1.30
.562
David West
NO
52
18.3
7.3
15.2
377
792
.476
369
767
.481
1.20
.481
Kevin Garnett
MIN
76
22.4
8.4
17.6
638
1341
.476
626
1285
.487
1.27
.480
Carmelo Anthony
DEN
65
28.9
10.6
22.4
691
1453
.476
651
1304
.499
1.29
.489
Monta Ellis
GS
77
16.5
6.2
13.1
480
1010
.475
441
867
.509
1.26
.495
