Anthony Carter
DEN
1
8.0
4.0
4.0
4
4
1.000
4
4
1.000
2.00
1.000
Dikembe Mutombo
HOU
7
1.3
0.4
0.4
3
3
1.000
3
3
1.000
3.00
1.000
Adonal Foyle
GS
3
0.7
0.3
0.3
1
1
1.000
1
1
1.000
2.00
1.000
Eric Piatkowski
PHX
1
2.0
1.0
1.0
1
1
1.000
1
1
1.000
2.00
1.000
Alonzo Mourning
MIA
4
6.3
2.5
2.8
10
11
.909
10
11
.909
2.27
.909
Andris Biedrins
GS
11
6.4
2.5
3.4
27
37
.730
27
37
.730
1.89
.730
Brendan Haywood
WSH
3
4.3
1.7
2.3
5
7
.714
5
7
.714
1.86
.714
Chuck Hayes
HOU
7
3.7
1.7
2.4
12
17
.706
12
16
.750
1.53
.706
Jason Maxiell
DET
14
4.0
1.6
2.4
22
33
.667
22
32
.688
1.70
.667
Andray Blatche
WSH
2
4.5
2.0
3.0
4
6
.667
4
6
.667
1.50
.667
Calvin Booth
WSH
1
4.0
2.0
3.0
2
3
.667
2
3
.667
1.33
.667
Erick Dampier
DAL
5
1.0
0.4
0.6
2
3
.667
2
3
.667
1.67
.667
Fabricio Oberto
SA
20
5.6
2.5
4.0
50
80
.625
50
79
.633
1.40
.625
DeSagana Diop
DAL
6
3.5
1.5
2.5
9
15
.600
9
15
.600
1.40
.600
Ronnie Brewer
UTAH
8
2.4
0.8
1.3
6
10
.600
6
10
.600
1.90
.600
Francisco Elson
SA
20
3.3
1.3
2.2
26
44
.591
26
43
.605
1.50
.591
Darko Milicic
ORL
4
12.3
5.0
8.5
20
34
.588
20
34
.588
1.44
.588
Nene Hilario
DEN
5
15.2
6.2
10.6
31
53
.585
31
53
.585
1.43
.585
Jason Collins
NJ
12
2.3
1.0
1.8
12
21
.571
12
21
.571
1.33
.571
Ben Wallace
CHI
10
8.7
3.0
5.3
30
53
.566
30
52
.577
1.64
.566
Mikki Moore
NJ
12
11.3
4.7
8.3
56
100
.560
56
100
.560
1.35
.560
Shaquille O'Neal
MIA
4
18.8
8.3
14.8
33
59
.559
33
59
.559
1.27
.559
Sasha Vujacic
LAL
4
2.8
1.3
2.3
5
9
.556
4
5
.800
1.22
.611
Maurice Ager
DAL
3
5.0
1.7
3.0
5
9
.556
3
6
.500
1.67
.667
Dwight Howard
ORL
4
15.3
5.8
10.5
23
42
.548
23
42
.548
1.45
.548
Carlos Boozer
UTAH
17
23.5
9.5
17.8
162
302
.536
162
302
.536
1.32
.536
Andrew Bynum
LAL
5
4.0
1.6
3.0
8
15
.533
8
15
.533
1.33
.533
Kwame Brown
LAL
5
8.6
3.8
7.2
19
36
.528
19
36
.528
1.19
.528
James Jones
PHX
11
5.0
1.7
3.3
19
36
.528
11
18
.611
1.53
.639
Paul Millsap
UTAH
17
5.9
2.5
4.7
42
80
.525
42
79
.532
1.25
.525
Luol Deng
CHI
10
22.2
8.8
16.8
88
168
.524
88
167
.527
1.32
.524
Chris Webber
DET
16
9.9
4.1
7.9
66
126
.524
66
125
.528
1.25
.524
Kurt Thomas
PHX
11
7.5
3.1
5.9
34
65
.523
34
65
.523
1.28
.523
Amar'e Stoudemire
PHX
10
25.3
9.1
17.4
91
174
.523
90
171
.526
1.45
.526
Tim Duncan
SA
20
22.2
8.7
16.7
174
334
.521
174
334
.521
1.33
.521
Morris Peterson
TOR
6
6.8
2.5
4.8
15
29
.517
9
17
.529
1.41
.621
Josh Howard
DAL
6
21.3
8.5
16.5
51
99
.515
44
81
.543
1.29
.551
Baron Davis
GS
11
25.3
8.9
17.4
98
191
.513
73
124
.589
1.46
.579
Anderson Varejao
CLE
20
6.0
2.3
4.5
46
90
.511
46
86
.535
1.32
.511
Jose Calderon
TOR
6
13.0
5.8
11.5
35
69
.507
32
57
.561
1.13
.529
