Mehmet Okur
UTAH
1
7.0
2.0
2.0
2
2
1.000
1
1
1.000
3.50
1.250
Devin Brown
CHI
1
2.0
1.0
1.0
1
1
1.000
1
1
1.000
2.00
1.000
Matt Carroll
DAL
1
2.0
1.0
1.0
1
1
1.000
1
1
1.000
2.00
1.000
Derrick Brown
CHA
2
1.0
0.5
0.5
1
1
1.000
1
1
1.000
2.00
1.000
Etan Thomas
OKC
2
6.0
2.5
3.0
5
6
.833
5
6
.833
2.00
.833
Sundiata Gaines
UTAH
5
2.2
1.0
1.2
5
6
.833
4
5
.800
1.83
.917
Mario West
ATL
7
0.9
0.4
0.6
3
4
.750
3
3
1.000
1.50
.750
Joel Anthony
MIA
5
2.6
1.0
1.4
5
7
.714
5
7
.714
1.86
.714
Marcin Gortat
ORL
14
3.0
1.2
1.9
17
26
.654
17
26
.654
1.62
.654
JJ Hickson
CLE
11
3.5
1.3
2.0
14
22
.636
14
22
.636
1.77
.636
Arron Afflalo
DEN
6
9.2
3.3
5.3
20
32
.625
14
18
.778
1.72
.719
Tyrus Thomas
CHA
4
8.8
3.8
6.0
15
24
.625
15
24
.625
1.46
.625
Nene Hilario
DEN
5
11.4
3.6
5.8
18
29
.621
18
29
.621
1.97
.621
Dwight Howard
ORL
14
18.1
6.1
10.0
86
140
.614
86
140
.614
1.81
.614
Dante Cunningham
POR
5
4.6
1.8
3.0
9
15
.600
9
14
.643
1.53
.600
Jason Collins
ATL
3
2.0
1.0
1.7
3
5
.600
3
5
.600
1.20
.600
Joey Graham
DEN
4
6.0
2.5
4.3
10
17
.588
9
14
.643
1.41
.618
Jamario Moon
CLE
11
3.5
1.3
2.2
14
24
.583
6
8
.750
1.58
.750
Nazr Mohammed
CHA
4
6.0
2.8
4.8
11
19
.579
11
19
.579
1.26
.579
Paul Millsap
UTAH
10
18.0
7.0
12.2
70
122
.574
70
120
.583
1.48
.574
Serge Ibaka
OKC
6
7.8
3.3
5.8
20
35
.571
20
35
.571
1.34
.571
Brendan Haywood
DAL
6
6.0
2.0
3.5
12
21
.571
12
21
.571
1.71
.571
Primoz Brezec
MIL
4
2.3
1.0
1.8
4
7
.571
4
7
.571
1.29
.571
Dwyane Wade
MIA
5
33.2
12.4
22.0
62
110
.564
47
73
.644
1.51
.632
Dirk Nowitzki
DAL
6
26.7
9.7
17.7
58
106
.547
54
99
.545
1.51
.566
Tyson Chandler
CHA
4
3.5
1.5
2.8
6
11
.545
6
11
.545
1.27
.545
Johan Petro
DEN
6
2.2
1.0
1.8
6
11
.545
6
11
.545
1.18
.545
Robin Lopez
PHX
6
7.8
3.2
5.8
19
35
.543
19
35
.543
1.34
.543
Pau Gasol
LAL
23
19.6
7.2
13.3
165
306
.539
165
303
.545
1.47
.539
Brandon Bass
ORL
7
2.7
1.0
1.9
7
13
.538
7
13
.538
1.46
.538
Andrew Bynum
LAL
23
8.6
3.5
6.5
80
149
.537
80
149
.537
1.33
.537
Antonio McDyess
SA
10
6.8
3.3
6.2
33
62
.532
33
62
.532
1.10
.532
Carlos Boozer
UTAH
10
19.7
8.9
16.8
89
168
.530
89
168
.530
1.17
.530
Chris Andersen
DEN
6
4.5
1.5
2.8
9
17
.529
9
17
.529
1.59
.529
Dan Gadzuric
MIL
7
2.7
1.3
2.4
9
17
.529
9
17
.529
1.12
.529
Joakim Noah
CHI
5
14.8
5.6
10.6
28
53
.528
28
53
.528
1.40
.528
Lou Amundson
PHX
16
2.9
1.2
2.3
19
36
.528
19
36
.528
1.31
.528
Juwan Howard
POR
6
3.3
1.7
3.2
10
19
.526
10
19
.526
1.05
.526
Kyle Korver
UTAH
10
8.3
3.2
6.1
32
61
.525
21
38
.553
1.36
.615
Al Horford
ATL
11
14.6
6.1
11.6
67
128
.523
66
127
.520
1.26
.527
