DeAndre Jordan
LAC
77
12.7
4.6
6.6
357
508
.703
357
507
.704
1.93
.703
Dwight Howard
HOU
71
13.7
5.2
8.5
372
600
.620
372
594
.626
1.63
.620
Hassan Whiteside
MIA
73
14.2
5.7
9.3
413
682
.606
413
682
.606
1.52
.606
Enes Kanter
OKC
82
12.7
5.0
8.8
414
719
.576
404
698
.579
1.44
.583
Marcin Gortat
WSH
75
13.5
5.8
10.2
433
764
.567
433
763
.567
1.32
.567
Jonas Valanciunas
TOR
60
12.8
5.1
8.9
303
536
.565
303
536
.565
1.43
.565
Kenneth Faried
DEN
67
12.5
5.2
9.3
349
626
.558
348
624
.558
1.33
.558
Karl-Anthony Towns
MIN
82
18.3
7.6
14.1
625
1153
.542
595
1065
.559
1.30
.555
Robin Lopez
NY
82
10.3
4.4
8.1
357
662
.539
357
661
.540
1.27
.539
Gorgui Dieng
MIN
82
10.1
3.8
7.1
308
579
.532
302
559
.540
1.43
.537
Greg Monroe
MIL
79
15.3
6.2
11.9
491
941
.522
491
940
.522
1.29
.522
Nerlens Noel
PHI
67
11.1
4.6
8.8
306
587
.521
305
585
.521
1.27
.522
Andre Drummond
DET
81
16.2
6.8
13.1
552
1060
.521
550
1054
.522
1.24
.522
LeBron James
CLE
76
25.3
9.7
18.6
737
1416
.520
650
1134
.573
1.36
.551
Derrick Favors
UTAH
62
16.4
6.7
13.1
418
811
.515
418
807
.518
1.25
.515
Thaddeus Young
BKN
73
15.1
6.8
13.2
495
963
.514
488
933
.523
1.14
.518
LaMarcus Aldridge
SA
74
18.0
7.2
14.1
536
1045
.513
536
1029
.521
1.27
.513
Nikola Jokic
DEN
80
10.0
3.8
7.5
307
600
.512
279
516
.541
1.33
.535
Brook Lopez
BKN
73
20.6
8.1
15.8
591
1157
.511
589
1143
.515
1.30
.512
Nikola Vucevic
ORL
65
18.2
8.2
16.1
533
1046
.510
531
1037
.512
1.13
.511
Jahlil Okafor
PHI
53
17.5
7.5
14.7
397
781
.508
396
775
.511
1.19
.509
Giannis Antetokounmpo
MIL
80
16.9
6.4
12.7
513
1013
.506
485
904
.537
1.33
.520
Kawhi Leonard
SA
72
21.2
7.7
15.1
551
1090
.506
422
799
.528
1.40
.565
Kevin Durant
OKC
72
28.2
9.7
19.2
698
1381
.505
512
899
.570
1.47
.573
Al Horford
ATL
82
15.2
6.5
12.8
529
1048
.505
441
792
.557
1.19
.547
Stephen Curry
GS
79
30.1
10.2
20.2
805
1598
.504
403
712
.566
1.49
.630
Blake Griffin
LAC
35
21.4
8.6
17.2
301
603
.499
295
585
.504
1.24
.504
Anthony Davis
NO
61
24.3
9.2
18.6
560
1136
.493
525
1028
.511
1.30
.508
Tony Parker
SA
72
11.9
4.9
9.9
350
710
.493
323
645
.501
1.21
.512
Jabari Parker
MIL
76
14.1
5.8
11.8
443
899
.493
434
864
.502
1.19
.498
Chandler Parsons
DAL
61
13.7
5.2
10.7
320
651
.492
216
400
.540
1.29
.571
Draymond Green
GS
81
14.0
5.0
10.1
401
819
.490
301
561
.537
1.38
.551
Darren Collison
SAC
74
14.0
5.1
10.5
377
776
.486
290
559
.519
1.33
.542
JJ Redick
LAC
75
16.3
5.6
11.7
422
880
.480
222
459
.484
1.39
.593
Serge Ibaka
OKC
78
12.6
5.3
11.1
416
869
.479
356
685
.520
1.13
.513
Goran Dragic
MIA
72
14.1
5.8
12.2
417
875
.477
353
670
.527
1.16
.513
Zach Randolph
MEM
68
15.3
6.3
13.3
431
907
.475
425
881
.482
1.15
.479
Otto Porter Jr.
WSH
75
11.6
4.5
9.6
339
717
.473
241
450
.536
1.21
.541
Paul Millsap
ATL
81
17.1
6.2
13.2
501
1066
.470
427
834
.512
1.30
.505
Klay Thompson
GS
80
22.1
8.1
17.3
651
1386
.470
375
736
.510
1.28
.569
