Stephen Curry
GS
79
34.2
169
2.14
3.00
262
3.32
161
0.65
1.05
Ricky Rubio
MIN
76
30.6
162
2.13
3.35
193
2.54
201
0.84
0.81
Chris Paul
LAC
74
32.7
152
2.05
3.01
194
2.62
185
0.78
0.82
Kyle Lowry
TOR
77
37.0
158
2.05
2.66
225
2.92
211
0.70
0.75
Russell Westbrook
OKC
80
34.4
163
2.04
2.85
342
4.28
200
0.48
0.82
Trevor Ariza
HOU
81
35.3
160
1.98
2.69
113
1.40
177
1.42
0.90
Rajon Rondo
SAC
72
35.2
141
1.96
2.67
278
3.86
175
0.51
0.81
John Wall
WSH
77
36.2
145
1.88
2.50
318
4.13
159
0.46
0.91
Paul George
IND
81
34.8
152
1.88
2.59
265
3.27
230
0.57
0.66
Monta Ellis
IND
81
33.8
150
1.85
2.63
203
2.51
174
0.74
0.86
Paul Millsap
ATL
81
32.7
147
1.81
2.67
191
2.36
237
0.77
0.62
Kawhi Leonard
SA
72
33.1
128
1.78
2.58
105
1.46
133
1.22
0.96
Nerlens Noel
PHI
67
29.3
118
1.76
2.88
158
2.36
192
0.75
0.61
Jae Crowder
BOS
73
31.6
126
1.73
2.62
83
1.14
198
1.52
0.64
Tony Allen
MEM
64
25.3
110
1.72
3.26
78
1.22
175
1.41
0.63
James Harden
HOU
82
38.1
139
1.70
2.14
374
4.56
229
0.37
0.61
Khris Middleton
MIL
79
36.1
131
1.66
2.20
180
2.28
204
0.73
0.64
Jimmy Butler
CHI
67
36.9
110
1.64
2.13
132
1.97
124
0.83
0.89
Victor Oladipo
ORL
72
33.0
116
1.61
2.34
153
2.13
174
0.76
0.67
Robert Covington
PHI
67
28.4
105
1.57
2.65
143
2.13
232
0.73
0.45
Kemba Walker
CHA
81
35.6
126
1.56
2.10
171
2.11
111
0.74
1.14
DeMarcus Cousins
SAC
65
34.6
101
1.55
2.16
249
3.83
236
0.41
0.43
Avery Bradley
BOS
76
33.4
117
1.54
2.21
109
1.43
164
1.07
0.71
Thaddeus Young
BKN
73
33.0
112
1.53
2.23
136
1.86
182
0.82
0.62
Marcus Smart
BOS
61
27.3
91
1.49
2.62
80
1.31
183
1.14
0.50
Andre Drummond
DET
81
32.9
119
1.47
2.14
155
1.91
245
0.77
0.49
Draymond Green
GS
81
34.7
119
1.47
2.03
259
3.20
240
0.46
0.50
Kentavious Caldwell-Pope
DET
76
36.7
110
1.45
1.89
105
1.38
167
1.05
0.66
Mario Chalmers
MIA/MEM
61
22.5
88
1.44
3.08
110
1.80
181
0.80
0.49
Rudy Gay
SAC
70
34.0
100
1.43
2.02
139
1.99
184
0.72
0.54
Otto Porter Jr.
WSH
75
30.3
105
1.40
2.21
70
0.93
163
1.50
0.64
LeBron James
CLE
76
35.6
104
1.37
1.84
249
3.28
143
0.42
0.73
Jrue Holiday
NO
65
28.2
88
1.35
2.31
167
2.57
148
0.53
0.59
Patrick Beverley
HOU
71
28.7
94
1.32
2.21
91
1.28
234
1.03
0.40
Kent Bazemore
ATL
75
27.8
98
1.31
2.26
138
1.84
176
0.71
0.56
PJ Tucker
PHX
82
31.0
106
1.29
2.00
111
1.35
202
0.95
0.52
Anthony Davis
NO
61
35.5
78
1.28
1.73
121
1.98
148
0.64
0.53
Gary Harris
DEN
76
32.1
97
1.28
1.91
98
1.29
143
0.99
0.68
Jeff Teague
ATL
79
28.5
97
1.23
2.06
218
2.76
167
0.44
0.58
Elfrid Payton
ORL
73
29.4
89
1.22
1.99
177
2.42
159
0.50
0.56
