Vladimir Radmanovic
CHI
1
9.0
3.0
3.0
3
3
1.000
0
0
.000
3.00
1.500
Donatas Motiejunas
HOU
1
5.0
2.0
2.0
2
2
1.000
2
2
1.000
2.50
1.000
Marcus Camby
NY
3
0.7
0.3
0.3
1
1
1.000
1
1
1.000
2.00
1.000
Anthony Randolph
DEN
5
5.2
1.8
2.2
9
11
.818
9
11
.818
2.36
.818
Chris Andersen
MIA
20
6.4
2.3
2.9
46
57
.807
46
57
.807
2.25
.807
Ronny Turiaf
LAC
5
3.2
1.4
2.0
7
10
.700
7
10
.700
1.60
.700
Greg Smith
HOU
5
3.6
1.2
1.8
6
9
.667
6
9
.667
2.00
.667
Willie Green
LAC
3
2.0
0.7
1.0
2
3
.667
2
2
1.000
2.00
.667
Kenneth Faried
DEN
5
10.2
4.0
6.4
20
32
.625
20
32
.625
1.59
.625
Dwight Howard
LAL
4
17.0
6.5
10.5
26
42
.619
26
42
.619
1.62
.619
DeJuan Blair
SA
12
3.9
1.8
2.8
21
34
.618
21
34
.618
1.38
.618
DeShawn Stevenson
ATL
4
2.3
0.8
1.3
3
5
.600
0
0
.000
1.80
.900
Udonis Haslem
MIA
22
5.0
2.3
3.9
51
86
.593
51
86
.593
1.28
.593
Andrew Bogut
GS
12
7.2
3.3
5.6
39
67
.582
39
67
.582
1.28
.582
JaVale McGee
DEN
6
7.2
3.0
5.2
18
31
.581
18
31
.581
1.39
.581
Kenyon Martin
NY
12
5.8
2.4
4.2
29
50
.580
29
50
.580
1.38
.580
Larry Sanders
MIL
4
10.8
4.8
8.3
19
33
.576
19
33
.576
1.30
.576
Anthony Tolliver
ATL
6
4.0
1.3
2.3
8
14
.571
1
3
.333
1.71
.821
Aron Baynes
SA
4
2.0
1.0
1.8
4
7
.571
4
7
.571
1.14
.571
Mike Dunleavy
MIL
4
12.3
4.3
7.5
17
30
.567
10
14
.714
1.63
.683
Omer Asik
HOU
6
12.3
3.7
6.5
22
39
.564
22
39
.564
1.90
.564
Ryan Hollins
LAC
5
2.2
1.0
1.8
5
9
.556
5
9
.556
1.22
.556
Matt Barnes
LAC
6
11.8
4.0
7.3
24
44
.545
17
27
.630
1.61
.625
Marquis Daniels
MIL
3
4.0
2.0
3.7
6
11
.545
6
9
.667
1.09
.545
Kawhi Leonard
SA
21
13.5
5.5
10.0
115
211
.545
92
152
.605
1.35
.600
Tyson Chandler
NY
12
5.7
2.3
4.3
28
52
.538
28
52
.538
1.31
.538
Steve Novak
NY
9
2.0
0.8
1.4
7
13
.538
3
4
.750
1.38
.692
Tiago Splitter
SA
19
6.1
2.4
4.4
45
84
.536
45
83
.542
1.38
.536
Chris Paul
LAC
6
22.8
8.2
15.3
49
92
.533
43
73
.589
1.49
.565
Carl Landry
GS
12
11.8
4.3
8.3
52
100
.520
52
100
.520
1.42
.520
Johan Petro
ATL
6
4.8
2.3
4.5
14
27
.519
14
27
.519
1.07
.519
Nazr Mohammed
CHI
12
3.8
1.8
3.4
21
41
.512
21
41
.512
1.12
.512
Roy Hibbert
IND
19
17.0
6.3
12.4
120
235
.511
120
235
.511
1.37
.511
Jarrett Jack
GS
12
17.2
6.5
12.8
78
154
.506
71
130
.546
1.34
.529
Andre Iguodala
DEN
6
18.0
6.3
12.7
38
76
.500
24
47
.511
1.42
.592
Kevin Garnett
BOS
6
12.7
5.0
10.0
30
60
.500
30
58
.517
1.27
.500
Andray Blatche
BKN
7
10.3
4.1
8.3
29
58
.500
29
58
.500
1.24
.500
Eric Bledsoe
LAC
6
6.5
2.5
5.0
15
30
.500
14
21
.667
1.30
.517
Jordan Hill
LAL
3
3.3
1.7
3.3
5
10
.500
5
10
.500
1.00
.500
Patty Mills
SA
9
1.3
0.6
1.1
5
10
.500
3
3
1.000
1.20
.600
