Baron Davis
NO
67
40.1
158
2.36
2.82
215
3.21
178
0.73
0.89
Shawn Marion
PHX
79
40.7
167
2.11
2.49
156
1.97
203
1.07
0.82
Metta World Peace
IND
73
37.2
152
2.08
2.69
202
2.77
194
0.75
0.78
Andrei Kirilenko
UTAH
78
37.1
150
1.92
2.49
215
2.76
174
0.70
0.86
Doug Christie
SAC
82
33.9
151
1.84
2.61
155
1.89
186
0.97
0.81
Stephen Jackson
ATL
80
36.8
142
1.78
2.32
223
2.79
216
0.64
0.66
Manu Ginobili
SA
77
29.4
136
1.77
2.89
161
2.09
181
0.84
0.75
Ben Wallace
DET
81
37.7
143
1.77
2.25
123
1.52
162
1.16
0.88
Steve Francis
HOU
79
40.4
139
1.76
2.09
294
3.72
257
0.47
0.54
Andre Miller
DEN
82
34.6
142
1.73
2.40
215
2.62
194
0.66
0.73
Darrell Armstrong
NO
79
28.4
133
1.68
2.84
155
1.96
148
0.86
0.90
James Posey
MEM
82
29.9
137
1.67
2.68
112
1.37
248
1.22
0.55
LeBron James
CLE
79
39.5
130
1.65
2.00
273
3.46
149
0.48
0.87
Paul Pierce
BOS
80
38.7
131
1.64
2.03
303
3.79
234
0.43
0.56
Stephon Marbury
NY/PHX
81
40.2
129
1.59
1.90
249
3.07
172
0.52
0.75
Jason Terry
ATL
81
37.3
124
1.53
1.97
229
2.83
192
0.54
0.65
Kerry Kittles
NJ
82
34.7
125
1.52
2.11
95
1.16
144
1.32
0.87
Nene Hilario
DEN
77
32.5
116
1.51
2.22
183
2.38
280
0.63
0.41
Kevin Garnett
MIN
82
39.4
120
1.46
1.78
212
2.59
202
0.57
0.59
Rafer Alston
MIA
82
31.5
114
1.39
2.12
128
1.56
212
0.89
0.54
Jamal Crawford
CHI
80
35.1
111
1.39
1.90
193
2.41
161
0.58
0.69
Mike Bibby
SAC
82
36.3
112
1.37
1.80
175
2.13
146
0.64
0.77
Cuttino Mobley
HOU
80
40.4
107
1.34
1.59
180
2.25
179
0.59
0.60
Peja Stojakovic
SAC
81
40.3
108
1.33
1.59
153
1.89
159
0.71
0.68
Kirk Hinrich
CHI
76
35.6
101
1.33
1.79
204
2.68
276
0.50
0.37
Leandro Barbosa
PHX
70
21.4
93
1.33
2.98
120
1.71
184
0.78
0.51
Richard Hamilton
DET
78
35.5
103
1.32
1.78
210
2.69
222
0.49
0.46
Shane Battier
MEM
79
24.6
101
1.28
2.49
56
0.71
187
1.80
0.54
Jason Williams
MEM
72
29.4
92
1.28
2.09
136
1.89
97
0.68
0.95
Bonzi Wells
POR/MEM
72
26.0
91
1.26
2.33
161
2.24
197
0.57
0.46
Sam Cassell
MIN
81
35.0
102
1.26
1.73
220
2.72
247
0.46
0.41
Derek Fisher
LAL
82
21.6
103
1.26
2.79
79
0.96
115
1.30
0.90
Jiri Welsch
BOS
81
26.9
101
1.25
2.22
129
1.59
176
0.78
0.57
Rashard Lewis
SEA
80
36.6
99
1.24
1.62
135
1.69
233
0.73
0.42
Ricky Davis
BOS/CLE
79
31.3
96
1.22
1.86
189
2.39
171
0.51
0.56
Damon Stoudamire
POR
82
38.0
99
1.21
1.52
180
2.20
173
0.55
0.57
Vince Carter
TOR
73
38.2
88
1.21
1.52
223
3.05
212
0.39
0.42
Dirk Nowitzki
DAL
77
37.9
92
1.19
1.51
135
1.75
216
0.68
0.43
Marcus Camby
DEN
72
30.0
86
1.19
1.91
98
1.36
239
0.88
0.36
Mike James
BOS/DET
81
27.1
96
1.19
2.10
124
1.53
156
0.77
0.62
