Shaquille O'Neal
LAL
67
21.5
8.3
14.1
554
948
.584
554
948
.584
1.52
.584
Mark Blount
BOS
82
10.3
4.2
7.4
342
604
.566
342
604
.566
1.40
.566
Erick Dampier
GS
74
12.3
4.7
8.8
348
650
.535
348
648
.537
1.40
.535
Antawn Jamison
DAL
82
14.8
6.0
11.1
488
913
.535
472
873
.541
1.33
.543
Nene Hilario
DEN
77
11.8
4.3
8.2
334
630
.530
334
628
.532
1.44
.530
Carlos Boozer
CLE
75
15.5
6.3
12.0
471
900
.523
470
894
.526
1.29
.524
Yao Ming
HOU
82
17.5
6.5
12.5
535
1025
.522
535
1023
.523
1.40
.522
Brad Miller
SAC
72
14.1
5.2
10.2
373
731
.510
361
693
.521
1.39
.518
Corliss Williamson
DET
79
9.5
3.8
7.6
304
602
.505
304
602
.505
1.25
.505
Tim Duncan
SA
69
22.3
8.6
17.1
592
1181
.501
590
1169
.505
1.30
.502
Kevin Garnett
MIN
82
24.2
9.8
19.6
804
1611
.499
793
1568
.506
1.23
.502
Richard Jefferson
NJ
82
18.5
6.8
13.6
555
1115
.498
507
983
.516
1.36
.519
Eddy Curry
CHI
73
14.7
5.7
11.5
417
840
.496
416
839
.496
1.27
.497
Elton Brand
LAC
69
20.0
7.0
14.2
484
982
.493
484
981
.493
1.40
.493
Sam Cassell
MIN
81
19.8
7.7
15.7
620
1270
.488
546
1084
.504
1.26
.517
Kenyon Martin
NJ
65
16.7
6.8
13.8
439
900
.488
432
875
.494
1.21
.492
Darius Miles
CLE/POR
79
10.9
4.6
9.5
365
753
.485
358
713
.502
1.14
.489
Zach Randolph
POR
81
20.1
8.2
16.9
663
1368
.485
662
1363
.486
1.19
.485
Zydrunas Ilgauskas
CLE
81
15.3
5.8
11.9
466
965
.483
464
958
.484
1.28
.484
Pau Gasol
MEM
78
17.7
6.5
13.4
506
1049
.482
502
1034
.485
1.32
.484
Peja Stojakovic
SAC
81
24.2
8.2
17.1
665
1386
.480
425
832
.511
1.42
.566
Maurice Taylor
HOU
75
11.5
4.9
10.2
367
765
.480
367
763
.481
1.13
.480
James Posey
MEM
82
13.7
4.5
9.4
368
770
.478
256
480
.533
1.46
.551
P.J. Brown
NO
80
10.5
4.2
8.9
339
712
.476
339
711
.477
1.17
.476
Shareef Abdur-Rahim
ATL/POR
85
16.3
5.9
12.4
501
1054
.475
492
1020
.482
1.31
.480
Amar'e Stoudemire
PHX
55
20.6
7.5
15.7
411
865
.475
410
860
.477
1.31
.476
Jamaal Magloire
NO
82
13.6
4.7
9.9
383
809
.473
383
808
.474
1.38
.473
Kurt Thomas
NY
80
11.1
4.9
10.4
392
829
.473
392
826
.475
1.07
.473
Desmond Mason
MIL
82
14.4
5.0
10.6
409
867
.472
400
828
.483
1.36
.477
Gary Payton
LAL
82
14.6
5.9
12.5
482
1024
.471
427
859
.497
1.17
.498
Vlade Divac
SAC
81
9.9
3.9
8.2
314
668
.470
312
655
.476
1.20
.472
Steve Nash
DAL
78
14.5
5.1
10.8
397
845
.470
293
588
.498
1.33
.531
Ricky Davis
BOS/CLE
79
14.4
5.6
12.0
446
950
.469
394
810
.486
1.20
.497
Kenny Thomas
PHI
74
13.6
5.1
11.0
381
813
.469
380
808
.470
1.24
.469
Rasho Nesterovic
SA
82
8.7
4.0
8.5
328
700
.469
328
700
.469
1.01
.469
Tayshaun Prince
DET
82
10.3
4.1
8.8
338
723
.468
281
566
.496
1.16
.507
Dwyane Wade
MIA
61
16.2
6.1
13.1
371
798
.465
355
745
.477
1.24
.475
Al Harrington
IND
79
13.3
5.3
11.5
421
909
.463
400
832
.481
1.15
.475
Dirk Nowitzki
DAL
77
21.8
7.9
17.0
605
1310
.462
506
1020
.496
1.28
.500
Donyell Marshall
CHI/TOR
82
14.7
5.7
12.4
470
1020
.461
339
695
.488
1.18
.525
