Shaquille O'Neal
MIA
59
20.0
8.1
13.6
480
800
.600
480
800
.600
1.48
.600
Eddy Curry
NY
72
13.6
4.7
8.3
336
597
.563
336
597
.563
1.64
.563
Tony Parker
SA
80
18.9
7.8
14.2
623
1136
.548
612
1100
.556
1.33
.553
Gerald Wallace
CHA
55
15.2
5.8
10.7
317
589
.538
303
539
.562
1.42
.550
Andrew Bogut
MIL
82
9.4
3.9
7.4
323
606
.533
323
603
.536
1.27
.533
Dwight Howard
ORL
82
15.8
5.7
10.7
468
881
.531
468
879
.532
1.47
.531
Elton Brand
LAC
79
24.7
9.6
18.2
756
1435
.527
755
1432
.527
1.36
.527
Boris Diaw
PHX
81
13.3
5.5
10.5
449
853
.526
441
823
.536
1.27
.531
Kevin Garnett
MIN
76
21.8
8.2
15.7
626
1191
.526
618
1161
.532
1.39
.529
Shareef Abdur-Rahim
SAC
72
12.3
4.6
8.8
332
632
.525
327
610
.536
1.40
.529
Shawn Marion
PHX
81
21.8
8.8
16.9
716
1365
.525
620
1075
.577
1.30
.560
Chris Kaman
LAC
78
11.9
4.7
9.1
369
706
.523
369
704
.524
1.32
.523
Yao Ming
HOU
57
22.3
8.2
15.8
467
900
.519
467
899
.519
1.41
.519
Primoz Brezec
CHA
79
12.4
5.2
10.0
409
791
.517
409
789
.518
1.24
.517
Ruben Patterson
DEN/POR
71
12.1
4.6
8.9
327
635
.515
326
622
.524
1.35
.516
Steve Nash
PHX
79
18.8
6.8
13.4
541
1056
.512
391
714
.548
1.41
.583
Drew Gooden
CLE
79
10.7
4.2
8.3
334
652
.512
333
649
.513
1.30
.513
David West
NO
74
17.1
7.2
14.0
530
1036
.512
527
1025
.514
1.22
.513
Mark Blount
BOS/MIN
81
11.3
4.6
9.1
373
734
.508
373
734
.508
1.25
.508
Udonis Haslem
MIA
81
9.3
3.7
7.3
300
591
.508
300
589
.509
1.28
.508
Nenad Krstic
NJ
80
13.5
5.6
11.0
447
881
.507
446
877
.509
1.23
.508
Zydrunas Ilgauskas
CLE
78
15.6
5.8
11.4
450
889
.506
450
884
.509
1.37
.506
Chris Bosh
TOR
70
22.5
7.8
15.5
549
1087
.505
549
1074
.511
1.45
.505
Kenny Thomas
SAC
82
9.1
3.7
7.4
305
604
.505
305
603
.506
1.24
.505
Pau Gasol
MEM
80
20.4
7.5
14.9
600
1194
.503
597
1182
.505
1.36
.504
Andre Iguodala
PHI
82
12.3
4.2
8.4
344
688
.500
288
530
.543
1.46
.541
Brad Miller
SAC
79
15.0
5.5
11.1
434
877
.495
400
789
.507
1.35
.514
Dwyane Wade
MIA
75
27.2
9.3
18.8
699
1413
.495
686
1337
.513
1.44
.499
Richard Jefferson
NJ
78
19.5
6.3
12.9
495
1005
.493
435
817
.532
1.51
.522
Richard Hamilton
DET
80
20.1
8.1
16.5
649
1322
.491
594
1202
.494
1.22
.512
Shane Battier
MEM
81
10.1
3.7
7.7
303
621
.488
238
456
.522
1.32
.540
Wally Szczerbiak
BOS/MIN
72
19.0
6.8
14.1
493
1012
.487
391
757
.517
1.35
.538
Delonte West
BOS
71
11.8
4.7
9.6
333
684
.487
249
466
.534
1.22
.548
Tim Duncan
SA
80
18.6
7.2
14.8
574
1185
.484
572
1180
.485
1.25
.485
Jameer Nelson
ORL
62
14.6
5.6
11.6
347
719
.483
277
554
.500
1.26
.531
Lamar Odom
LAL
80
14.8
5.6
11.6
445
925
.481
365
710
.514
1.28
.524
Carmelo Anthony
DEN
80
26.5
9.5
19.7
756
1572
.481
719
1420
.506
1.35
.493
Dirk Nowitzki
DAL
81
26.6
9.3
19.3
751
1564
.480
641
1293
.496
1.38
.515
LeBron James
CLE
79
31.4
11.1
23.1
875
1823
.480
748
1444
.518
1.36
.515
Channing Frye
NY
65
12.3
4.7
9.8
305
640
.477
302
631
.479
1.25
.479
