Gerald Wallace
CHA
55
34.5
138
2.51
3.50
99
1.80
150
1.39
0.92
Brevin Knight
CHA
69
34.1
157
2.28
3.21
164
2.38
202
0.96
0.78
Chris Paul
NO
78
36.0
175
2.24
2.99
183
2.35
218
0.96
0.80
Gilbert Arenas
WSH
80
42.3
161
2.01
2.28
297
3.71
286
0.54
0.56
Shawn Marion
PHX
81
40.3
160
1.98
2.35
125
1.54
223
1.28
0.72
Dwyane Wade
MIA
75
38.6
146
1.95
2.42
268
3.57
217
0.54
0.67
Allen Iverson
PHI
72
43.1
140
1.94
2.17
248
3.44
121
0.56
1.16
Jason Kidd
NJ
80
37.2
150
1.88
2.42
192
2.40
157
0.78
0.96
Kobe Bryant
LAL
80
41.0
147
1.84
2.15
250
3.13
233
0.59
0.63
Ben Wallace
DET
82
35.2
146
1.78
2.42
88
1.07
164
1.66
0.89
Eddie Jones
MEM
75
32.5
131
1.75
2.58
93
1.24
201
1.41
0.65
Smush Parker
LAL
82
33.8
140
1.71
2.42
147
1.79
213
0.95
0.66
Caron Butler
WSH
75
36.1
127
1.69
2.25
175
2.33
238
0.73
0.53
Andre Iguodala
PHI
82
37.6
135
1.65
2.10
153
1.87
198
0.88
0.68
LeBron James
CLE
79
42.5
123
1.56
1.76
260
3.29
181
0.47
0.68
Luke Ridnour
SEA
79
33.2
123
1.56
2.25
162
2.05
178
0.76
0.69
Derek Fisher
GS
82
31.6
125
1.52
2.32
156
1.90
237
0.80
0.53
Speedy Claxton
NO
71
28.4
108
1.52
2.57
154
2.17
177
0.70
0.61
T.J. Ford
MIL
72
35.5
104
1.44
1.95
219
3.04
196
0.47
0.53
Marko Jaric
MIN
75
28.0
108
1.44
2.47
127
1.69
189
0.85
0.57
Chris Webber
PHI
75
38.6
103
1.37
1.71
182
2.43
219
0.57
0.47
Kevin Garnett
MIN
76
38.9
104
1.37
1.69
180
2.37
206
0.58
0.50
Paul Pierce
BOS
79
39.0
107
1.35
1.67
273
3.46
223
0.39
0.48
Ray Allen
SEA
78
38.7
105
1.35
1.67
188
2.41
151
0.56
0.70
Rashard Lewis
SEA
78
36.9
102
1.31
1.70
141
1.81
191
0.72
0.53
Jason Richardson
GS
75
38.4
97
1.29
1.62
167
2.23
206
0.58
0.47
Andre Miller
DEN
82
35.8
106
1.29
1.73
256
3.12
213
0.41
0.50
Stephen Jackson
IND
81
35.9
104
1.28
1.72
203
2.51
195
0.51
0.53
Raymond Felton
CHA
80
30.1
102
1.28
2.03
182
2.28
181
0.56
0.56
Morris Peterson
TOR
82
38.3
104
1.27
1.59
126
1.54
223
0.83
0.47
Joe Johnson
ATL
82
40.7
103
1.26
1.48
267
3.26
187
0.39
0.55
Jason Terry
DAL
80
35.0
100
1.25
1.72
135
1.69
196
0.74
0.51
Greg Buckner
DEN
73
24.1
87
1.19
2.38
52
0.71
180
1.67
0.48
Vince Carter
NJ
79
36.8
94
1.19
1.55
213
2.70
235
0.44
0.40
Michael Redd
MIL
80
39.1
95
1.19
1.46
170
2.13
157
0.56
0.61
Delonte West
BOS
71
34.1
84
1.18
1.67
133
1.87
197
0.63
0.43
Cuttino Mobley
LAC
79
37.7
93
1.18
1.50
145
1.84
208
0.64
0.45
Ricky Davis
BOS/MIN
78
41.1
91
1.17
1.36
213
2.73
190
0.43
0.48
Josh Childress
ATL
74
30.4
86
1.16
1.84
101
1.36
184
0.85
0.47
Kirk Hinrich
CHI
81
36.5
94
1.16
1.53
188
2.32
251
0.50
0.37
