Richard Hamilton
DET
80
20.1
0.7
2
55
120
.458
594
1202
.494
1.22
.512
Tyronn Lue
ATL
51
11.0
1.1
2
58
127
.457
134
291
.460
1.34
.529
Leandro Barbosa
PHX
57
13.1
1.5
3
87
196
.444
186
371
.501
1.31
.558
Mike James
TOR
79
20.3
2.1
5
169
382
.442
407
846
.481
1.31
.538
Raja Bell
PHX
79
14.7
2.5
6
197
446
.442
228
484
.471
1.25
.563
Steve Nash
PHX
79
18.8
1.9
4
150
342
.439
391
714
.548
1.41
.583
Ben Gordon
CHI
80
16.9
2.1
5
166
382
.435
320
770
.416
1.17
.494
Chauncey Billups
DET
81
18.5
2.3
5
184
425
.433
239
587
.407
1.48
.509
Bruce Bowen
SA
82
7.5
1.3
3
104
245
.424
128
291
.440
1.15
.530
Jameer Nelson
ORL
62
14.6
1.1
3
70
165
.424
277
554
.500
1.26
.531
Charlie Bell
MIL
59
8.4
1.2
3
71
168
.423
109
242
.450
1.20
.526
Kyle Korver
PHI
82
11.5
2.2
5
184
438
.420
143
323
.443
1.23
.551
Bobby Simmons
MIL
75
13.4
1.4
3
105
250
.420
261
558
.468
1.24
.518
Matt Bonner
TOR
78
7.5
1.3
3
102
243
.420
107
224
.478
1.25
.557
Deron Williams
UTAH
80
10.8
1.1
3
91
219
.416
248
586
.423
1.07
.478
Steve Blake
POR
68
8.2
1.1
3
76
184
.413
130
286
.455
1.19
.519
Ray Allen
SEA
78
25.1
3.4
8
269
653
.412
412
847
.486
1.30
.544
Jason Terry
DAL
80
17.1
2.1
5
171
416
.411
345
683
.505
1.25
.547
Mike Miller
MEM
74
13.7
1.9
5
138
339
.407
216
421
.513
1.33
.557
Dirk Nowitzki
DAL
81
26.6
1.4
3
110
271
.406
641
1293
.496
1.38
.515
Earl Watson
DEN/SEA
70
8.9
1.6
4
110
272
.404
109
237
.460
1.22
.538
James Posey
MIA
67
7.2
1.7
4
117
290
.403
42
105
.400
1.22
.551
Hedo Turkoglu
ORL
78
14.9
1.5
4
114
283
.403
284
594
.478
1.33
.519
Peja Stojakovic
IND/SAC
71
18.2
2.3
6
162
404
.401
283
614
.461
1.27
.517
Wally Szczerbiak
BOS/MIN
72
19.0
1.4
4
102
255
.400
391
757
.517
1.35
.538
Nate Robinson
NY
72
9.3
0.8
2
58
146
.397
172
419
.411
1.19
.458
Derek Fisher
GS
82
13.3
1.4
4
117
295
.397
247
592
.417
1.23
.476
Brent Barry
SA
74
5.8
1.1
3
80
202
.396
76
143
.531
1.25
.568
Morris Peterson
TOR
82
16.8
2.2
5
177
448
.395
301
648
.465
1.25
.517
Michael Redd
MIL
80
25.4
2.0
5
163
413
.395
519
1103
.471
1.34
.504
Michael Finley
SA
77
10.1
1.4
4
110
279
.394
176
416
.423
1.12
.491
Antawn Jamison
WSH
82
20.5
1.8
5
147
373
.394
513
1121
.458
1.13
.491
Shane Battier
MEM
81
10.1
0.8
2
65
165
.394
238
456
.522
1.32
.540
Raef LaFrentz
BOS
82
7.8
1.4
3
112
286
.392
126
266
.474
1.16
.533
Andres Nocioni
CHI
82
13.0
1.1
3
93
238
.391
290
593
.489
1.28
.517
Vladimir Radmanovic
LAC/SEA
77
9.8
1.8
5
138
354
.390
124
289
.429
1.17
.515
Eddie House
PHX
81
9.8
1.5
4
123
316
.389
197
443
.445
1.05
.503
Matt Carroll
CHA
78
7.6
0.9
2
72
185
.389
120
291
.412
1.25
.479
Bobby Jackson
MEM
71
11.4
1.8
5
129
332
.389
157
416
.377
1.08
.469
Mike Bibby
SAC
82
21.1
2.3
6
192
497
.386
405
885
.458
1.25
.501
