DeAndre Jordan
LAC
82
10.4
4.2
6.3
348
515
.676
348
515
.676
1.66
.676
Andre Drummond
DET
81
13.5
5.9
9.5
479
769
.623
479
767
.625
1.42
.623
Dwight Howard
HOU
71
18.3
6.7
11.3
473
800
.591
471
793
.594
1.62
.593
LeBron James
MIA
77
27.1
10.0
17.6
767
1353
.567
651
1047
.622
1.54
.610
Amir Johnson
TOR
77
10.4
4.5
7.9
344
612
.562
324
546
.593
1.31
.578
Amar'e Stoudemire
NY
65
11.9
4.8
8.6
311
558
.557
311
558
.557
1.38
.557
Robin Lopez
POR
82
11.1
4.3
7.9
355
644
.551
355
643
.552
1.41
.551
Dwyane Wade
MIA
54
19.0
7.7
14.1
415
761
.545
406
729
.557
1.35
.551
Kenneth Faried
DEN
80
13.7
5.6
10.3
447
820
.545
447
817
.547
1.34
.545
Terrence Jones
HOU
76
12.1
5.1
9.4
386
712
.542
355
611
.581
1.29
.564
Marcin Gortat
WSH
81
13.2
5.6
10.4
455
840
.542
454
839
.541
1.27
.542
Nikola Pekovic
MIN
54
17.4
7.0
13.0
378
700
.540
378
700
.540
1.35
.540
John Henson
MIL
70
11.1
4.9
9.1
344
639
.538
344
638
.539
1.22
.538
Serge Ibaka
OKC
81
15.1
6.5
12.1
524
978
.536
501
918
.546
1.25
.548
Jonas Valanciunas
TOR
81
11.3
4.4
8.3
359
676
.531
359
675
.532
1.36
.531
Blake Griffin
LAC
80
24.1
9.0
17.0
718
1359
.528
706
1315
.537
1.42
.533
David Lee
GS
69
18.2
7.4
14.2
513
981
.523
513
980
.523
1.28
.523
Kawhi Leonard
SA
66
12.8
5.1
9.8
337
645
.522
268
463
.579
1.31
.576
Derrick Favors
UTAH
73
13.3
5.3
10.2
390
747
.522
390
746
.523
1.30
.522
Boris Diaw
SA
79
9.1
3.8
7.3
302
580
.521
257
468
.549
1.24
.559
Anthony Davis
NO
67
20.8
7.8
15.0
522
1005
.519
520
996
.522
1.39
.520
Chris Bosh
MIA
79
16.2
6.2
12.1
492
953
.516
418
735
.569
1.34
.555
Al Jefferson
CHA
73
21.8
9.6
18.8
700
1376
.509
697
1361
.512
1.16
.510
JJ Hickson
DEN
69
11.8
4.8
9.5
332
654
.508
332
646
.514
1.24
.508
Nikola Vucevic
ORL
57
14.2
6.2
12.2
353
696
.507
353
696
.507
1.17
.507
Goran Dragic
PHX
76
20.3
7.3
14.4
552
1093
.505
430
794
.542
1.41
.561
Kevin Durant
OKC
81
32.0
10.5
20.8
849
1688
.503
657
1197
.549
1.54
.560
Tony Parker
SA
68
16.7
6.7
13.4
456
914
.499
431
847
.509
1.24
.513
Dirk Nowitzki
DAL
80
21.7
7.9
15.9
633
1273
.497
502
944
.532
1.36
.549
Greg Monroe
DET
82
15.2
6.1
12.4
504
1015
.497
504
1014
.497
1.23
.497
DeMarcus Cousins
SAC
71
22.7
8.3
16.8
591
1191
.496
591
1184
.499
1.36
.496
Enes Kanter
UTAH
80
12.3
5.2
10.7
419
853
.491
419
852
.492
1.16
.491
Lance Stephenson
IND
78
13.8
5.5
11.2
427
870
.491
341
626
.545
1.24
.540
Tim Duncan
SA
74
15.1
6.0
12.2
444
906
.490
444
901
.493
1.24
.490
David West
IND
80
14.0
5.7
11.7
458
939
.488
454
924
.491
1.19
.490
Markieff Morris
PHX
81
13.8
5.1
10.4
411
845
.486
377
737
.512
1.32
.507
Brandon Bass
BOS
82
11.1
4.3
8.8
352
725
.486
350
719
.487
1.26
.487
Marco Belinelli
SA
80
11.4
4.2
8.7
337
695
.485
211
402
.525
1.31
.576
Shawn Marion
DAL
76
10.4
4.5
9.3
341
708
.482
283
546
.518
1.12
.523
Corey Brewer
MIN
81
12.3
4.8
10.0
388
807
.481
329
596
.552
1.24
.517
