Chris Paul
NO
80
37.6
217
2.71
3.47
201
2.51
185
1.08
1.17
Metta World Peace
SAC
57
38.1
133
2.33
2.94
148
2.60
159
0.90
0.84
Baron Davis
GS
82
39.0
191
2.33
2.87
232
2.83
247
0.82
0.77
Caron Butler
WSH
58
39.9
128
2.21
2.66
150
2.59
160
0.85
0.80
Gerald Wallace
CHA
62
38.3
131
2.11
2.65
180
2.90
189
0.73
0.69
Andre Iguodala
PHI
82
39.5
171
2.09
2.53
214
2.61
187
0.80
0.91
Shawn Marion
MIA/PHX
63
36.7
125
1.98
2.59
86
1.37
150
1.45
0.83
Allen Iverson
DEN
82
41.8
160
1.95
2.24
245
2.99
109
0.65
1.47
Kobe Bryant
LAL
82
38.9
151
1.84
2.27
257
3.13
227
0.59
0.67
LeBron James
CLE
75
40.4
138
1.84
2.19
255
3.40
165
0.54
0.84
Jason Kidd
DAL/NJ
80
36.3
136
1.70
2.25
266
3.33
165
0.51
0.82
Ronnie Brewer
UTAH
76
27.5
129
1.70
2.97
69
0.91
110
1.87
1.17
Rajon Rondo
BOS
77
29.9
129
1.68
2.69
147
1.91
187
0.88
0.69
Monta Ellis
GS
81
37.9
124
1.53
1.94
173
2.14
195
0.72
0.64
Anthony Carter
DEN
70
28.0
107
1.53
2.62
124
1.77
172
0.86
0.62
Josh Smith
ATL
81
35.5
123
1.52
2.05
245
3.02
269
0.50
0.46
Manu Ginobili
SA
74
31.0
109
1.47
2.28
200
2.70
173
0.55
0.63
Jason Richardson
CHA
82
38.4
116
1.41
1.77
166
2.02
241
0.70
0.48
Kevin Garnett
BOS
71
32.8
100
1.41
2.06
138
1.94
163
0.72
0.61
Rudy Gay
MEM
81
37.0
111
1.37
1.78
190
2.35
230
0.58
0.48
Brevin Knight
LAC
74
22.6
100
1.35
2.87
71
0.96
160
1.41
0.63
Antawn Jamison
WSH
79
38.7
106
1.34
1.66
113
1.43
195
0.94
0.54
Rafer Alston
HOU
74
34.1
98
1.32
1.86
160
2.16
139
0.61
0.71
Chauncey Billups
DET
78
32.3
101
1.29
1.92
160
2.05
130
0.63
0.78
Marko Jaric
MIN
75
29.2
97
1.29
2.13
128
1.71
180
0.76
0.54
Andre Miller
PHI
82
36.8
105
1.28
1.67
206
2.51
181
0.51
0.58
Carmelo Anthony
DEN
77
36.4
98
1.27
1.68
253
3.29
253
0.39
0.39
Paul Pierce
BOS
80
35.9
101
1.26
1.69
221
2.76
200
0.46
0.51
Stephen Jackson
GS
73
39.1
92
1.26
1.55
197
2.70
171
0.47
0.54
Kenyon Martin
DEN
71
30.4
88
1.24
1.96
91
1.28
235
0.97
0.37
Carlos Boozer
UTAH
81
34.9
100
1.23
1.70
210
2.59
293
0.48
0.34
Vince Carter
NJ
76
38.9
93
1.22
1.51
181
2.38
241
0.51
0.39
Rashard Lewis
ORL
81
38.0
99
1.22
1.54
140
1.73
214
0.71
0.46
Ben Wallace
CHI/CLE
72
30.6
88
1.22
1.92
67
0.93
121
1.31
0.73
Raymond Felton
CHA
79
37.6
96
1.22
1.55
213
2.70
184
0.45
0.52
Francisco Garcia
SAC
79
26.5
96
1.22
2.20
128
1.62
232
0.75
0.41
Andrei Kirilenko
UTAH
72
30.8
86
1.19
1.86
140
1.94
165
0.61
0.52
Danny Granger
IND
80
36.0
95
1.19
1.59
171
2.14
290
0.56
0.33
Rasheed Wallace
DET
77
30.5
91
1.18
1.86
86
1.12
213
1.06
0.43
Kirk Hinrich
CHI
75
31.7
87
1.16
1.75
157
2.09
224
0.55
0.39
