Jason Kapono
TOR
81
7.2
0.7
1
57
118
.483
186
380
.489
1.16
.545
Steve Nash
PHX
81
16.9
2.2
5
179
381
.470
306
581
.527
1.43
.597
James Jones
POR
58
8.0
1.6
4
91
205
.444
52
122
.426
1.42
.576
Peja Stojakovic
NO
77
16.4
3.0
7
231
524
.441
220
502
.438
1.23
.552
Daniel Gibson
CLE
58
10.4
2.0
5
118
268
.440
83
197
.421
1.30
.559
Richard Hamilton
DET
72
17.3
0.9
2
62
141
.440
437
889
.492
1.21
.515
Anthony Parker
TOR
82
12.5
1.6
4
133
304
.438
262
525
.499
1.24
.557
Sasha Vujacic
LAL
72
8.8
1.6
4
118
270
.437
101
212
.476
1.31
.577
Matt Carroll
CHA
80
9.0
1.3
3
105
241
.436
147
348
.422
1.22
.517
Mike Miller
MEM
70
16.4
2.2
5
155
359
.432
259
465
.557
1.39
.596
Jose Calderon
TOR
82
11.2
1.0
2
79
184
.429
288
523
.551
1.30
.575
Mike Dunleavy
IND
82
19.1
2.0
5
165
389
.424
367
728
.504
1.40
.550
Bruce Bowen
SA
81
6.0
1.1
3
90
215
.419
84
213
.394
1.13
.512
Damon Jones
CLE
67
6.5
1.7
4
115
276
.417
36
87
.414
1.20
.574
Jameer Nelson
ORL
69
10.9
0.9
2
64
154
.416
219
449
.488
1.25
.522
Wally Szczerbiak
CLE/SEA
75
11.5
1.2
3
90
218
.413
221
504
.438
1.19
.493
Randy Foye
MIN
39
13.1
1.6
4
61
148
.412
137
314
.436
1.10
.495
Ben Gordon
CHI
72
18.6
2.0
5
142
346
.410
322
723
.445
1.25
.500
Rashard Lewis
ORL
81
18.2
2.8
7
226
553
.409
290
582
.498
1.30
.554
Rashad McCants
MIN
75
14.9
1.9
5
142
349
.407
286
595
.481
1.18
.529
Steve Blake
POR
81
8.5
1.5
4
121
298
.406
140
342
.409
1.08
.502
Vladimir Radmanovic
LAL
65
8.4
1.5
4
95
234
.406
103
203
.507
1.24
.562
Derek Fisher
LAL
82
11.7
1.4
3
112
276
.406
227
501
.453
1.23
.508
Jason Richardson
CHA
82
21.8
3.0
7
243
599
.406
405
869
.466
1.22
.524
Ricky Davis
MIA
82
13.8
1.6
4
135
333
.405
285
638
.447
1.16
.502
Danny Granger
IND
80
19.6
2.1
5
171
423
.404
366
782
.468
1.30
.517
JR Smith
DEN
74
12.3
2.1
5
157
390
.403
154
284
.542
1.35
.578
Chris Quinn
MIA
60
7.8
1.1
3
64
159
.403
94
214
.439
1.25
.509
Kevin Martin
SAC
61
23.7
1.8
4
107
266
.402
310
648
.478
1.58
.515
Manu Ginobili
SA
74
19.5
2.1
5
156
389
.401
297
595
.499
1.47
.540
Raja Bell
PHX
75
11.9
2.3
6
176
439
.401
141
314
.449
1.18
.538
Chauncey Billups
DET
78
17.0
1.8
4
137
342
.401
256
535
.479
1.51
.526
Hedo Turkoglu
ORL
82
19.5
2.0
5
166
415
.400
390
804
.485
1.31
.524
Troy Murphy
IND
75
12.2
1.3
3
94
236
.398
221
457
.484
1.32
.522
Ray Allen
BOS
73
17.4
2.5
6
180
452
.398
259
534
.485
1.29
.537
Roger Mason Jr.
WSH
80
9.1
1.6
4
130
327
.398
136
273
.498
1.21
.552
Deron Williams
UTAH
82
18.8
1.0
3
83
210
.395
483
907
.533
1.38
.544
Morris Peterson
NO
76
8.0
1.5
4
113
287
.394
102
229
.445
1.18
.526
Eddie House
BOS
78
7.5
1.5
4
117
298
.393
100
233
.429
1.10
.519
Paul Pierce
BOS
80
19.6
1.8
5
143
365
.392
366
733
.499
1.43
.529
