Andris Biedrins
GS
76
10.5
4.5
7.1
340
543
.626
340
543
.626
1.47
.626
Tyson Chandler
NO
79
11.8
4.8
7.7
377
605
.623
377
604
.624
1.54
.623
Dwight Howard
ORL
82
20.7
7.1
11.9
583
974
.599
583
970
.601
1.74
.599
Shaquille O'Neal
MIA/PHX
61
13.6
5.4
9.1
331
558
.593
331
558
.593
1.49
.593
Amar'e Stoudemire
PHX
79
25.2
9.0
15.3
714
1211
.590
709
1180
.601
1.64
.592
Josh Childress
ATL
76
11.8
4.3
7.5
327
573
.571
305
513
.595
1.57
.590
Ronnie Brewer
UTAH
76
12.0
4.7
8.3
354
634
.558
343
584
.587
1.44
.567
David Lee
NY
81
10.8
4.2
7.6
341
618
.552
341
616
.554
1.42
.552
Carlos Boozer
UTAH
81
21.1
8.8
16.0
709
1297
.547
709
1296
.547
1.32
.547
Kevin Garnett
BOS
71
18.8
7.5
13.9
534
990
.539
534
979
.545
1.35
.539
Kenyon Martin
DEN
71
12.4
5.3
9.8
376
699
.538
374
688
.544
1.25
.539
Emeka Okafor
CHA
82
13.8
5.6
10.5
460
860
.535
460
860
.535
1.32
.535
Pau Gasol
LAL/MEM
66
18.9
7.2
13.5
475
890
.534
471
874
.539
1.40
.536
Monta Ellis
GS
81
20.2
8.0
15.1
652
1227
.531
640
1175
.545
1.33
.536
Brendan Haywood
WSH
80
10.6
4.0
7.5
316
599
.528
316
599
.528
1.42
.528
Lamar Odom
LAL
77
14.2
5.4
10.3
417
795
.525
386
682
.566
1.38
.544
Chris Wilcox
SEA
62
13.4
5.4
10.3
334
638
.524
334
635
.526
1.30
.524
Jose Calderon
TOR
82
11.2
4.5
8.6
367
707
.519
288
523
.551
1.30
.575
Luis Scola
HOU
82
10.3
4.2
8.2
345
670
.515
345
667
.517
1.26
.515
Samuel Dalembert
PHI
82
10.5
4.1
8.1
339
661
.513
339
660
.514
1.31
.513
Andrew Bogut
MIL
78
14.3
6.0
11.7
465
910
.511
465
903
.515
1.23
.511
Shawn Marion
MIA/PHX
63
15.4
6.3
12.5
400
787
.508
334
589
.567
1.24
.550
Yao Ming
HOU
55
22.0
7.9
15.5
432
852
.507
432
850
.508
1.42
.507
Deron Williams
UTAH
82
18.8
6.9
13.6
566
1117
.507
483
907
.533
1.38
.544
Steve Nash
PHX
81
16.9
6.0
11.9
485
962
.504
306
581
.527
1.43
.597
Grant Hill
PHX
70
13.1
5.1
10.2
358
712
.503
325
608
.535
1.29
.526
Mike Miller
MEM
70
16.4
5.9
11.8
414
824
.502
259
465
.557
1.39
.596
Nick Collison
SEA
78
9.8
4.1
8.2
322
641
.502
322
639
.504
1.20
.502
Hakim Warrick
MEM
75
11.4
4.4
8.7
328
653
.502
315
605
.521
1.30
.512
Al Jefferson
MIN
82
21.0
8.8
17.6
721
1441
.500
721
1436
.502
1.20
.500
Al Horford
ATL
81
10.1
4.1
8.2
333
668
.499
333
663
.502
1.23
.499
Tim Duncan
SA
78
19.3
7.5
15.1
585
1178
.497
585
1174
.498
1.28
.497
Tony Parker
SA
69
18.8
7.5
15.1
515
1043
.494
498
977
.510
1.24
.502
Chris Bosh
TOR
67
22.3
7.6
15.3
507
1027
.494
497
1002
.496
1.46
.499
Rajon Rondo
BOS
77
10.6
4.6
9.3
351
713
.492
346
694
.499
1.14
.496
Andre Miller
PHI
82
17.0
6.9
14.1
569
1156
.492
566
1122
.504
1.21
.494
Carmelo Anthony
DEN
77
25.7
9.5
19.2
728
1481
.492
670
1317
.509
1.34
.511
Chris Paul
NO
80
21.1
7.9
16.1
630
1291
.488
538
1042
.516
1.30
.524
Richard Hamilton
DET
72
17.3
6.9
14.3
499
1030
.484
437
889
.492
1.21
.515
LaMarcus Aldridge
POR
76
17.8
7.4
15.3
561
1160
.484
560
1153
.486
1.16
.484
