Loren Woods
HOU
1
2.0
1.0
1.0
1
1
1.000
1
1
1.000
2.00
1.000
James Augustine
ORL
1
2.0
1.0
1.0
1
1
1.000
1
1
1.000
2.00
1.000
Marcin Gortat
ORL
8
1.3
0.6
0.8
5
6
.833
5
6
.833
1.67
.833
Amir Johnson
DET
8
2.6
1.1
1.5
9
12
.750
9
11
.818
1.75
.750
Acie Law
ATL
7
3.0
0.9
1.1
6
8
.750
6
8
.750
2.63
.750
Steve Novak
HOU
3
2.7
1.0
1.3
3
4
.750
1
1
1.000
2.00
1.000
J.J. Barea
DAL
1
8.0
3.0
4.0
3
4
.750
1
2
.500
2.00
1.000
Matt Bonner
SA
2
2.0
1.0
1.5
2
3
.667
2
3
.667
1.33
.667
Chuck Hayes
HOU
6
2.3
1.2
1.8
7
11
.636
7
9
.778
1.27
.636
Tyson Chandler
NO
12
8.0
3.6
5.7
43
68
.632
43
68
.632
1.41
.632
Jason Maxiell
DET
17
5.6
2.4
3.8
40
64
.625
40
64
.625
1.48
.625
Didier Ilunga-Mbenga
LAL
7
1.4
0.7
1.1
5
8
.625
5
8
.625
1.25
.625
Dikembe Mutombo
HOU
6
3.8
1.3
2.2
8
13
.615
8
13
.615
1.77
.615
Hilton Armstrong
NO
8
2.6
1.0
1.6
8
13
.615
8
13
.615
1.62
.615
Fabricio Oberto
SA
17
3.7
1.6
2.7
28
46
.609
28
46
.609
1.37
.609
Brendan Haywood
WSH
6
12.0
4.3
7.3
26
44
.591
26
44
.591
1.64
.591
Kendrick Perkins
BOS
25
6.6
2.5
4.2
62
106
.585
62
105
.590
1.55
.585
Jason Kapono
TOR
5
15.6
6.2
10.6
31
53
.585
18
29
.621
1.47
.708
Trevor Ariza
LAL
8
2.1
0.9
1.5
7
12
.583
6
8
.750
1.42
.625
Dwight Howard
ORL
10
18.9
7.2
12.4
72
124
.581
72
124
.581
1.52
.581
Raja Bell
PHX
5
13.6
4.2
7.4
21
37
.568
8
17
.471
1.84
.743
Tony Allen
BOS
15
1.3
0.6
1.1
9
16
.563
9
15
.600
1.25
.563
Nene Hilario
DEN
3
4.3
1.7
3.0
5
9
.556
5
9
.556
1.44
.556
Boris Diaw
PHX
5
14.6
7.0
12.8
35
64
.547
35
57
.614
1.14
.547
Antonio McDyess
DET
17
8.9
3.8
7.0
64
119
.538
64
119
.538
1.27
.538
Linas Kleiza
DEN
4
14.0
5.5
10.3
22
41
.537
19
27
.704
1.37
.573
JR Smith
DEN
4
18.3
5.8
10.8
23
43
.535
16
21
.762
1.70
.616
Pau Gasol
LAL
21
16.9
6.7
12.7
141
266
.530
141
266
.530
1.33
.530
Josh Childress
ATL
7
7.1
3.1
6.0
22
42
.524
22
40
.550
1.19
.524
Ronnie Brewer
UTAH
12
10.2
4.3
8.2
51
98
.520
50
92
.543
1.24
.526
Paul Millsap
UTAH
12
6.4
2.7
5.2
32
62
.516
32
61
.525
1.24
.516
Ben Wallace
CLE
13
3.2
1.3
2.5
17
33
.515
17
33
.515
1.24
.515
Maurice Evans
ORL
10
9.0
3.5
6.9
35
69
.507
20
33
.606
1.30
.616
Jameer Nelson
ORL
10
16.2
5.7
11.3
57
113
.504
37
72
.514
1.43
.593
Chris Paul
NO
12
24.1
9.3
18.4
111
221
.502
106
200
.530
1.31
.514
Reggie Evans
PHI
6
6.8
2.2
4.3
13
26
.500
13
26
.500
1.58
.500
Rasho Nesterovic
TOR
5
4.6
2.2
4.4
11
22
.500
11
22
.500
1.05
.500
Eduardo Najera
DEN
4
4.0
1.8
3.5
7
14
.500
5
9
.556
1.14
.571
Theo Ratliff
DET
12
1.3
0.5
1.0
6
12
.500
6
12
.500
1.33
.500
Brian Skinner
PHX
4
2.0
0.5
1.0
2
4
.500
2
4
.500
2.00
.500
