Chris Paul
NO
80
36.0
188
2.35
3.13
177
2.21
196
1.06
0.96
Rajon Rondo
BOS
68
37.2
153
2.25
2.91
234
3.44
120
0.65
1.28
Monta Ellis
GS
80
40.3
168
2.10
2.50
252
3.15
203
0.67
0.83
Russell Westbrook
OKC
82
34.7
155
1.89
2.61
316
3.85
207
0.49
0.75
Tony Allen
MEM
72
20.8
129
1.79
4.14
86
1.19
161
1.50
0.80
Mike Conley
MEM
81
35.5
144
1.78
2.41
176
2.17
182
0.82
0.79
Jason Kidd
DAL
80
33.2
134
1.68
2.42
179
2.24
119
0.75
1.13
Raymond Felton
DEN/NY
75
36.5
125
1.67
2.19
221
2.95
150
0.57
0.83
Trevor Ariza
NO
75
34.7
120
1.60
2.22
118
1.57
180
1.02
0.67
LeBron James
MIA
79
38.8
124
1.57
1.94
284
3.59
163
0.44
0.76
Manu Ginobili
SA
80
30.3
123
1.54
2.43
174
2.18
163
0.71
0.75
Metta World Peace
LAL
82
29.4
124
1.51
2.47
90
1.10
181
1.38
0.69
Dorell Wright
GS
82
38.4
124
1.51
1.89
133
1.62
171
0.93
0.73
Gerald Wallace
POR/CHA
71
37.9
105
1.48
1.87
152
2.14
183
0.69
0.57
Stephen Curry
GS
74
33.6
109
1.47
2.10
226
3.05
233
0.48
0.47
Jrue Holiday
PHI
82
35.4
120
1.46
1.99
218
2.66
203
0.55
0.59
Dwyane Wade
MIA
76
37.1
111
1.46
1.89
237
3.12
197
0.47
0.56
Andre Miller
POR
81
32.7
114
1.41
2.06
197
2.43
171
0.58
0.67
Dwight Howard
ORL
78
37.6
107
1.37
1.75
279
3.58
258
0.38
0.41
Kyle Lowry
HOU
75
34.2
102
1.36
1.91
158
2.11
207
0.65
0.49
Paul Millsap
UTAH
76
34.3
103
1.36
1.90
145
1.91
272
0.71
0.38
Kevin Garnett
BOS
71
31.3
95
1.34
2.05
115
1.62
148
0.83
0.64
Ronnie Brewer
CHI
81
22.0
106
1.31
2.86
55
0.68
82
1.93
1.29
Josh Smith
ATL
77
34.4
99
1.29
1.80
197
2.56
217
0.50
0.46
Luke Ridnour
MIN
71
30.4
89
1.25
1.98
158
2.23
146
0.56
0.61
Wesley Matthews
POR
82
33.6
102
1.24
1.78
138
1.68
195
0.74
0.52
Thabo Sefolosha
OKC
79
25.9
97
1.23
2.27
55
0.70
171
1.76
0.57
Kobe Bryant
LAL
82
33.9
99
1.21
1.71
243
2.96
172
0.41
0.58
Derek Fisher
LAL
82
28.0
99
1.21
2.07
70
0.85
192
1.41
0.52
Beno Udrih
SAC
79
34.6
94
1.19
1.65
141
1.78
181
0.67
0.52
DeJuan Blair
SA
81
21.4
95
1.17
2.63
113
1.40
213
0.84
0.45
JR Smith
DEN
79
24.9
92
1.16
2.24
100
1.27
173
0.92
0.53
Jason Richardson
ORL/PHX
80
33.9
93
1.16
1.64
95
1.19
162
0.98
0.57
Greg Monroe
DET
80
27.8
93
1.16
2.01
81
1.01
196
1.15
0.47
Tony Parker
SA
78
32.4
90
1.15
1.71
200
2.56
135
0.45
0.67
Elton Brand
PHI
81
34.7
92
1.14
1.57
101
1.25
244
0.91
0.38
Eric Bledsoe
LAC
81
22.7
92
1.14
2.40
194
2.40
130
0.47
0.71
Jason Terry
DAL
82
31.3
93
1.13
1.74
167
2.04
140
0.56
0.66
Kevin Durant
OKC
78
38.9
88
1.13
1.39
218
2.79
159
0.40
0.55
Danny Granger
IND
79
35.0
89
1.13
1.55
206
2.61
213
0.43
0.42
