Shaquille O'Neal
PHX
75
17.8
6.8
11.2
512
841
.609
512
840
.610
1.59
.609
Nene Hilario
DEN
77
14.6
5.6
9.2
428
709
.604
427
704
.607
1.58
.604
Andris Biedrins
GS
62
11.9
5.0
8.6
308
533
.578
308
532
.579
1.38
.578
Dwight Howard
ORL
79
20.6
7.1
12.4
560
979
.572
560
977
.573
1.66
.572
Pau Gasol
LAL
81
18.9
7.3
12.9
592
1045
.567
591
1043
.567
1.46
.567
Emeka Okafor
CHA
82
13.2
5.3
9.4
433
772
.561
433
772
.561
1.41
.561
David Lee
NY
81
16.0
6.4
11.7
522
951
.549
522
948
.551
1.36
.549
Yao Ming
HOU
77
19.7
7.4
13.4
566
1032
.548
565
1031
.548
1.47
.549
Amar'e Stoudemire
PHX
53
21.4
7.6
14.1
404
749
.539
401
742
.540
1.51
.541
Paul Millsap
UTAH
76
13.5
5.3
9.9
400
749
.534
400
745
.537
1.37
.534
Kevin Garnett
BOS
57
15.8
6.9
13.0
393
740
.531
391
732
.534
1.21
.532
Brook Lopez
NJ
82
13.0
5.5
10.3
448
844
.531
448
842
.532
1.27
.531
Luis Scola
HOU
82
12.7
5.2
9.7
424
799
.531
424
796
.533
1.31
.531
Marc Gasol
MEM
82
11.9
4.3
8.1
350
661
.530
350
660
.530
1.48
.530
Al Horford
ATL
67
11.5
4.7
8.9
312
594
.525
312
593
.526
1.30
.525
Grant Hill
PHX
82
12.0
4.8
9.1
390
745
.523
366
669
.547
1.32
.540
Udonis Haslem
MIA
75
10.6
4.4
8.6
333
643
.518
333
643
.518
1.23
.518
Ronnie Brewer
UTAH
81
13.7
5.2
10.2
421
828
.508
399
743
.537
1.34
.522
Boris Diaw
PHX/CHA
81
13.2
5.5
10.9
448
884
.507
373
703
.531
1.21
.549
Tony Parker
SA
72
22.0
8.9
17.5
639
1263
.506
620
1198
.518
1.25
.513
Rajon Rondo
BOS
80
11.9
4.8
9.5
383
759
.505
368
711
.518
1.26
.514
Tim Duncan
SA
75
19.3
7.4
14.8
558
1107
.504
558
1105
.505
1.31
.504
Steve Nash
PHX
74
15.7
5.8
11.5
428
851
.503
320
605
.529
1.36
.566
Chris Paul
NO
78
22.8
8.1
16.1
631
1255
.503
567
1079
.525
1.42
.528
Al Jefferson
MIN
50
23.1
9.7
19.5
485
975
.497
485
971
.499
1.19
.497
Jose Calderon
TOR
68
12.8
4.7
9.5
320
644
.497
238
442
.538
1.36
.561
Jason Thompson
SAC
82
11.1
4.3
8.7
356
717
.497
356
709
.502
1.27
.497
Thaddeus Young
PHI
75
15.3
6.3
12.8
475
960
.495
419
796
.526
1.19
.524
Josh Smith
ATL
69
15.6
6.1
12.3
418
849
.492
392
762
.514
1.26
.508
Lamar Odom
LAL
78
11.3
4.4
9.0
346
703
.492
313
600
.522
1.26
.516
Dwyane Wade
MIA
79
30.2
10.8
22.0
854
1739
.491
766
1461
.524
1.37
.516
Kenyon Martin
DEN
66
11.7
4.8
9.8
318
648
.491
304
610
.498
1.19
.502
Hakim Warrick
MEM
82
11.6
4.1
8.5
340
693
.491
335
670
.500
1.37
.494
LeBron James
CLE
81
28.4
9.7
19.9
789
1613
.489
657
1229
.535
1.43
.530
Chris Bosh
TOR
77
22.7
8.0
16.4
615
1263
.487
603
1214
.497
1.38
.492
Mehmet Okur
UTAH
72
17.0
6.0
12.3
431
888
.485
341
686
.497
1.38
.536
Shawn Marion
MIA/TOR
69
12.9
5.5
11.4
382
788
.485
372
735
.506
1.13
.491
LaMarcus Aldridge
POR
81
18.1
7.4
15.3
601
1243
.484
594
1215
.489
1.18
.486
Leandro Barbosa
PHX
70
14.2
5.2
10.8
366
759
.482
276
519
.532
1.31
.542
Brandon Roy
POR
78
22.6
8.1
16.9
633
1318
.480
550
1098
.501
1.34
.512
